station,valid,skyc1,skyc2,skyc3,skyl1,skyl2,skyl3
YPMQ,2016-01-04 04:00,,,,,,
YPMQ,2016-01-04 05:00,SCT,BKN,OVC,800.00,1300.00,2800.00
YPMQ,2016-01-04 06:00,SCT,BKN,OVC,800.00,1200.00,2700.00
YPMQ,2016-01-04 07:00,BKN,BKN,OVC,600.00,1100.00,1900.00
YPMQ,2016-01-04 08:00,BKN,BKN,OVC,600.00,1300.00,2500.00
YPMQ,2016-01-04 09:00,SCT,BKN,OVC,700.00,1300.00,3200.00
YPMQ,2016-01-04 10:00,SCT,BKN,OVC,900.00,2200.00,5800.00
YPMQ,2016-01-04 11:00,BKN,BKN,OVC,900.00,2600.00,3500.00
YPMQ,2016-01-04 13:00,BKN,OVC,,800.00,1300.00,
YPMQ,2016-01-04 14:00,SCT,BKN,OVC,400.00,800.00,1800.00
YPMQ,2016-01-04 15:00,SCT,OVC,,500.00,1500.00,
YPMQ,2016-01-04 17:00,BKN,BKN,,1400.00,1900.00,
YPMQ,2016-01-04 20:00,OVC,,,1300.00,,
YPMQ,2016-01-04 21:00,BKN,BKN,OVC,1400.00,5700.00,8200.00
YPMQ,2016-01-04 22:00,SCT,BKN,BKN,400.00,1400.00,2600.00
YPMQ,2016-01-05 00:00,BKN,BKN,OVC,1100.00,1400.00,2600.00
YPMQ,2016-01-05 01:00,BKN,BKN,OVC,900.00,1300.00,2500.00
YPMQ,2016-01-05 05:00,SCT,BKN,BKN,1100.00,1900.00,8500.00
YPMQ,2016-01-05 07:00,BKN,BKN,,1400.00,10000.00,
YPMQ,2016-01-05 09:00,BKN,OVC,,1400.00,1700.00,
YPMQ,2016-01-05 10:00,SCT,SCT,SCT,800.00,3100.00,6000.00
YPMQ,2016-01-05 11:00,BKN,BKN,OVC,1000.00,1800.00,3300.00
YPMQ,2016-01-05 13:00,OVC,,,500.00,,
YPMQ,2016-01-05 14:00,SCT,OVC,,800.00,1200.00,
YPMQ,2016-01-05 15:00,SCT,BKN,,100.00,800.00,
YPMQ,2016-01-05 16:00,SCT,SCT,BKN,200.00,600.00,900.00
YPMQ,2016-01-05 17:00,OVC,,,400.00,,
YPMQ,2016-01-06 00:00,OVC,,,3300.00,,
YPMQ,2016-01-06 01:00,SCT,SCT,OVC,3300.00,4100.00,5400.00
YPMQ,2016-01-06 02:00,SCT,BKN,OVC,3100.00,4200.00,5300.00
YPMQ,2016-01-06 03:00,BKN,,,6900.00,,
YPMQ,2016-01-06 06:00,SCT,SCT,,3800.00,8300.00,
YPMQ,2016-01-06 07:00,OVC,,,6700.00,,
YPMQ,2016-01-06 09:00,SCT,SCT,OVC,2600.00,3700.00,6100.00
YPMQ,2016-01-10 11:00,NCD,,,,,
YPMQ,2016-01-13 16:00,BKN,,,200.00,,
YPMQ,2016-01-13 17:00,BKN,,,200.00,,
YPMQ,2016-01-13 18:00,OVC,,,200.00,,
YPMQ,2016-01-13 19:00,OVC,,,100.00,,
YPMQ,2016-01-13 20:00,OVC,,,100.00,,
YPMQ,2016-01-13 21:00,BKN,,,400.00,,
YPMQ,2016-01-14 13:00,SCT,,,11500.00,,
YPMQ,2016-01-14 21:00,BKN,OVC,,900.00,1300.00,
YPMQ,2016-01-14 22:00,BKN,OVC,,900.00,1300.00,
YPMQ,2016-01-14 23:00,BKN,OVC,,900.00,1300.00,
YPMQ,2016-01-15 00:00,SCT,BKN,OVC,800.00,1100.00,2600.00
YPMQ,2016-01-15 02:00,BKN,BKN,OVC,1000.00,1400.00,2800.00
YPMQ,2016-01-15 03:00,SCT,BKN,OVC,600.00,1100.00,2000.00
YPMQ,2016-01-15 04:00,SCT,BKN,OVC,1000.00,1800.00,2400.00
YPMQ,2016-01-15 05:00,SCT,BKN,OVC,900.00,1400.00,3800.00
YPMQ,2016-01-18 18:00,NCD,,,,,
YPMQ,2016-01-19 19:00,OVC,,,100.00,,
YPMQ,2016-01-19 20:00,NCD,,,,,
YPMQ,2016-01-22 12:00,BKN,BKN,OVC,700.00,2300.00,9800.00
YPMQ,2016-01-22 13:00,SCT,BKN,OVC,400.00,4000.00,9700.00
YPMQ,2016-01-22 17:00,BKN,,,500.00,,
YPMQ,2016-01-22 18:00,OVC,,,600.00,,
YPMQ,2016-01-23 07:00,SCT,BKN,BKN,1300.00,2600.00,4200.00
YPMQ,2016-01-27 20:00,BKN,BKN,OVC,1000.00,1400.00,4300.00
YPMQ,2016-01-27 22:00,SCT,BKN,OVC,1300.00,2700.00,5000.00
YPMQ,2016-01-27 23:00,SCT,BKN,OVC,700.00,1400.00,3700.00
YPMQ,2016-01-28 00:00,SCT,BKN,OVC,600.00,1000.00,2500.00
YPMQ,2016-01-28 01:00,SCT,BKN,OVC,1000.00,1900.00,5300.00
YPMQ,2016-01-28 02:00,SCT,BKN,OVC,1100.00,1600.00,3800.00
YPMQ,2016-01-28 04:00,BKN,OVC,,800.00,1600.00,
YPMQ,2016-01-28 05:00,SCT,BKN,OVC,600.00,1100.00,2500.00
YPMQ,2016-01-28 07:00,SCT,SCT,OVC,1100.00,1700.00,2500.00
YPMQ,2016-01-28 16:00,NCD,,,,,
YPMQ,2016-01-29 18:00,OVC,,,100.00,,
YPMQ,2016-01-29 19:00,OVC,,,100.00,,
YPMQ,2016-01-29 20:00,OVC,,,100.00,,
YPMQ,2016-02-04 05:00,OVC,,,5500.00,,
YPMQ,2016-02-04 13:00,BKN,BKN,OVC,1200.00,1700.00,4800.00
YPMQ,2016-02-04 14:00,BKN,OVC,,700.00,1500.00,
YPMQ,2016-02-04 15:00,SCT,BKN,OVC,800.00,1300.00,2600.00
YPMQ,2016-02-04 16:00,BKN,OVC,,1000.00,1300.00,
YPMQ,2016-02-04 17:00,SCT,BKN,OVC,600.00,1300.00,3300.00
YPMQ,2016-02-04 18:00,SCT,BKN,OVC,900.00,1300.00,2900.00
YPMQ,2016-02-04 19:00,SCT,BKN,OVC,800.00,1600.00,2300.00
YPMQ,2016-02-04 20:00,BKN,OVC,,800.00,1300.00,
YPMQ,2016-02-04 21:00,SCT,OVC,,800.00,1300.00,
YPMQ,2016-02-04 22:00,SCT,BKN,OVC,800.00,1200.00,4200.00
YPMQ,2016-02-04 23:00,BKN,OVC,,900.00,1300.00,
YPMQ,2016-02-05 00:00,SCT,BKN,OVC,800.00,2100.00,3900.00
YPMQ,2016-02-05 02:00,SCT,BKN,OVC,900.00,1600.00,3600.00
YPMQ,2016-02-05 04:00,SCT,BKN,OVC,1000.00,2400.00,3100.00
YPMQ,2016-02-05 05:00,SCT,BKN,OVC,900.00,1500.00,3100.00
YPMQ,2016-02-05 06:00,SCT,BKN,OVC,800.00,2000.00,3600.00
YPMQ,2016-02-05 07:00,SCT,BKN,OVC,1200.00,2300.00,4100.00
YPMQ,2016-02-05 09:00,SCT,BKN,OVC,2200.00,3100.00,4900.00
YPMQ,2016-02-05 10:00,SCT,BKN,OVC,1600.00,2500.00,3500.00
YPMQ,2016-02-05 19:00,SCT,BKN,OVC,700.00,2400.00,5100.00
YPMQ,2016-02-05 20:00,SCT,BKN,OVC,800.00,2100.00,4600.00
YPMQ,2016-02-05 21:00,SCT,BKN,OVC,500.00,1200.00,1900.00
YPMQ,2016-02-05 22:00,SCT,BKN,OVC,1100.00,1700.00,5700.00
YPMQ,2016-02-06 01:00,SCT,BKN,OVC,800.00,1500.00,2500.00
YPMQ,2016-02-09 03:00,SCT,BKN,OVC,1800.00,3500.00,4900.00
YPMQ,2016-02-10 19:00,NCD,,,,,
YPMQ,2016-02-12 16:00,NCD,,,,,
YPMQ,2016-02-18 19:00,BKN,BKN,OVC,1200.00,2600.00,5800.00
YPMQ,2016-02-20 10:00,OVC,,,1000.00,,
YPMQ,2016-02-20 16:00,SCT,BKN,OVC,400.00,1300.00,1700.00
YPMQ,2016-02-20 17:00,SCT,BKN,OVC,600.00,2300.00,7500.00
YPMQ,2016-02-20 18:00,SCT,OVC,,600.00,11500.00,
YPMQ,2016-02-21 14:00,SCT,,,2300.00,,
YPMQ,2016-02-21 15:00,NCD,,,,,
YPMQ,2016-02-21 16:00,NCD,,,,,
YPMQ,2016-02-21 17:00,SCT,BKN,BKN,2700.00,3800.00,5000.00
YPMQ,2016-02-21 18:00,SCT,,,3300.00,,
YPMQ,2016-02-21 19:00,BKN,,,100.00,,
YPMQ,2016-02-21 20:00,OVC,,,100.00,,
YPMQ,2016-02-21 21:00,OVC,,,100.00,,
YPMQ,2016-02-21 22:00,OVC,,,200.00,,
YPMQ,2016-02-22 17:00,NCD,,,,,
YPMQ,2016-02-23 19:00,SCT,,,100.00,,
YPMQ,2016-02-23 20:00,NCD,,,,,
YPMQ,2016-02-25 18:00,NCD,,,,,
YPMQ,2016-02-25 19:00,SCT,,,100.00,,
YPMQ,2016-02-26 11:00,BKN,BKN,OVC,1500.00,2900.00,4200.00
YPMQ,2016-02-27 06:00,BKN,OVC,,1600.00,2400.00,
YPMQ,2016-02-29 23:00,SCT,BKN,OVC,1600.00,2300.00,3800.00
YPMQ,2016-03-02 05:00,BKN,BKN,,1500.00,3100.00,
YPMQ,2016-03-02 16:00,NCD,,,,,
YPMQ,2016-03-02 17:00,SCT,,,2200.00,,
YPMQ,2016-03-02 23:00,BKN,BKN,OVC,1500.00,2300.00,3300.00
YPMQ,2016-03-03 23:00,SCT,SCT,BKN,500.00,1000.00,1500.00
YPMQ,2016-03-04 16:00,NCD,,,,,
YPMQ,2016-03-04 17:00,SCT,SCT,,3200.00,3900.00,
YPMQ,2016-03-04 18:00,NCD,,,,,
YPMQ,2016-03-06 17:00,SCT,SCT,SCT,2800.00,3500.00,4700.00
YPMQ,2016-03-06 20:00,NCD,,,,,
YPMQ,2016-03-07 18:00,SCT,,,2800.00,,
YPMQ,2016-03-08 15:00,SCT,,,2100.00,,
YPMQ,2016-03-08 17:00,SCT,SCT,,2100.00,3300.00,
YPMQ,2016-03-08 19:00,SCT,,,100.00,,
YPMQ,2016-03-08 20:00,SCT,BKN,BKN,100.00,3100.00,3800.00
YPMQ,2016-03-09 17:00,NCD,,,,,
YPMQ,2016-03-10 20:00,,,,,,
YPMQ,2016-03-11 14:00,NCD,,,,,
YPMQ,2016-03-11 15:00,NCD,,,,,
YPMQ,2016-03-11 16:00,NCD,,,,,
YPMQ,2016-03-11 17:00,SCT,,,100.00,,
YPMQ,2016-03-11 19:00,NCD,,,,,
YPMQ,2016-03-11 20:00,NCD,,,,,
YPMQ,2016-03-12 19:00,NCD,,,,,
YPMQ,2016-03-12 20:00,,,,,,
YPMQ,2016-03-13 19:00,,,,,,
YPMQ,2016-03-14 18:00,SCT,,,3100.00,,
YPMQ,2016-03-14 19:00,NCD,,,,,
YPMQ,2016-03-16 11:00,SCT,BKN,OVC,2600.00,3100.00,4100.00
YPMQ,2016-03-17 21:00,OVC,,,200.00,,
YPMQ,2016-03-20 22:00,SCT,BKN,BKN,900.00,1200.00,2800.00
YPMQ,2016-03-25 15:00,NCD,,,,,
YPMQ,2016-03-25 16:00,,,,,,
YPMQ,2016-03-25 20:00,,,,,,
YPMQ,2016-03-27 17:00,,,,,,
YPMQ,2016-03-27 18:00,SCT,,,100.00,,
YPMQ,2016-03-27 19:00,SCT,BKN,,100.00,12000.00,
YPMQ,2016-03-27 20:00,BKN,,,8600.00,,
YPMQ,2016-03-29 11:00,BKN,OVC,,1200.00,1700.00,
YPMQ,2016-03-29 12:00,BKN,,,1400.00,,
YPMQ,2016-03-29 13:00,BKN,OVC,,1200.00,12500.00,
YPMQ,2016-03-29 17:00,OVC,,,100.00,,
YPMQ,2016-03-29 18:00,OVC,,,100.00,,
YPMQ,2016-03-30 12:00,SCT,SCT,,10000.00,12500.00,
YPMQ,2016-03-31 17:00,NCD,,,,,
YPMQ,2016-03-31 18:00,,,,,,
YPMQ,2016-03-31 19:00,NCD,,,,,
YPMQ,2016-04-01 16:00,NCD,,,,,
YPMQ,2016-04-01 19:00,BKN,,,100.00,,
YPMQ,2016-04-01 20:00,SCT,,,100.00,,
YPMQ,2016-04-01 21:00,SCT,,,100.00,,
YPMQ,2016-04-02 13:00,NCD,,,,,
YPMQ,2016-04-02 16:00,NCD,,,,,
YPMQ,2016-04-03 14:00,SCT,SCT,SCT,1100.00,1900.00,2400.00
YPMQ,2016-04-05 19:00,NCD,,,,,
YPMQ,2016-04-06 17:00,NCD,,,,,
YPMQ,2016-04-06 18:00,NCD,,,,,
YPMQ,2016-04-07 16:00,OVC,OVC,,1200.00,1700.00,
YPMQ,2016-04-07 17:00,SCT,BKN,OVC,500.00,1200.00,1900.00
YPMQ,2016-04-07 18:00,BKN,OVC,,800.00,1200.00,
YPMQ,2016-04-07 19:00,BKN,OVC,,600.00,1400.00,
YPMQ,2016-04-07 20:00,BKN,OVC,,900.00,1400.00,
YPMQ,2016-04-07 21:00,SCT,BKN,OVC,100.00,500.00,1200.00
YPMQ,2016-04-07 22:00,SCT,OVC,,300.00,1000.00,
YPMQ,2016-04-07 23:00,BKN,OVC,,500.00,1000.00,
YPMQ,2016-04-08 00:00,OVC,,,600.00,,
YPMQ,2016-04-08 01:00,OVC,,,800.00,,
YPMQ,2016-04-08 02:00,SCT,BKN,BKN,600.00,900.00,2400.00
YPMQ,2016-04-08 03:00,OVC,OVC,,800.00,1700.00,
YPMQ,2016-04-08 04:00,BKN,OVC,,800.00,1400.00,
YPMQ,2016-04-08 05:00,SCT,OVC,,1000.00,1300.00,
YPMQ,2016-04-08 09:00,BKN,BKN,BKN,1500.00,2100.00,2800.00
YPMQ,2016-04-08 18:00,NCD,,,,,
YPMQ,2016-04-08 19:00,OVC,,,100.00,,
YPMQ,2016-04-08 20:00,OVC,,,100.00,,
YPMQ,2016-04-08 21:00,OVC,,,100.00,,
YPMQ,2016-04-08 22:00,OVC,,,100.00,,
YPMQ,2016-04-08 23:00,SCT,,,500.00,,
YPMQ,2016-04-09 11:00,NCD,,,,,
YPMQ,2016-04-09 12:00,NCD,,,,,
YPMQ,2016-04-09 14:00,NCD,,,,,
YPMQ,2016-04-09 15:00,NCD,,,,,
YPMQ,2016-04-09 16:00,NCD,,,,,
YPMQ,2016-04-09 17:00,,,,,,
YPMQ,2016-04-09 18:00,OVC,,,100.00,,
YPMQ,2016-04-09 19:00,OVC,,,100.00,,
YPMQ,2016-04-09 20:00,OVC,,,100.00,,
YPMQ,2016-04-09 21:00,OVC,,,100.00,,
YPMQ,2016-04-09 22:00,OVC,,,100.00,,
YPMQ,2016-04-09 23:00,OVC,,,200.00,,
YPMQ,2016-04-10 09:00,NCD,,,,,
YPMQ,2016-04-10 13:00,SCT,,,100.00,,
YPMQ,2016-04-10 14:00,,,,,,
YPMQ,2016-04-10 16:00,NCD,,,,,
YPMQ,2016-04-13 10:00,SCT,BKN,OVC,2100.00,3600.00,9400.00
YPMQ,2016-04-15 15:00,NCD,,,,,
YPMQ,2016-04-17 09:00,SCT,BKN,BKN,2000.00,3800.00,5100.00
YPMQ,2016-04-18 11:00,SCT,BKN,OVC,800.00,1000.00,1800.00
YPMQ,2016-04-18 17:00,,,,,,
YPMQ,2016-04-21 12:00,NCD,,,,,
YPMQ,2016-04-21 13:00,SCT,,,11000.00,,
YPMQ,2016-04-21 14:00,NCD,,,,,
YPMQ,2016-04-21 15:00,NCD,,,,,
YPMQ,2016-04-21 17:00,,,,,,
YPMQ,2016-04-22 09:00,BKN,BKN,OVC,1700.00,2600.00,3800.00
YPMQ,2016-04-23 02:00,SCT,BKN,OVC,1800.00,2700.00,3200.00
YPMQ,2016-04-23 06:00,BKN,,,6100.00,,
YPMQ,2016-04-24 00:00,SCT,BKN,BKN,900.00,1600.00,2000.00
YPMQ,2016-04-24 23:00,SCT,BKN,BKN,1400.00,2200.00,4400.00
YPMQ,2016-04-25 00:00,SCT,SCT,BKN,1600.00,2600.00,4200.00
YPMQ,2016-04-26 16:00,SCT,SCT,BKN,1800.00,3300.00,4200.00
YPMQ,2016-04-28 12:00,NCD,,,,,
YPMQ,2016-04-28 13:00,,,,,,
YPMQ,2016-04-28 14:00,NCD,,,,,
YPMQ,2016-04-28 16:00,NCD,,,,,
YPMQ,2016-04-28 17:00,NCD,,,,,
YPMQ,2016-04-28 19:00,NCD,,,,,
YPMQ,2016-04-28 20:00,NCD,,,,,
YPMQ,2016-04-30 18:00,NCD,,,,,
YPMQ,2016-04-30 19:00,BKN,,,100.00,,
YPMQ,2016-04-30 20:00,SCT,,,100.00,,
YPMQ,2016-05-01 15:00,,,,,,
YPMQ,2016-05-01 18:00,NCD,,,,,
YPMQ,2016-05-03 12:00,NCD,,,,,
YPMQ,2016-05-03 17:00,NCD,,,,,
YPMQ,2016-05-05 13:00,NCD,,,,,
YPMQ,2016-05-05 14:00,,,,,,
YPMQ,2016-05-06 10:00,,,,,,
YPMQ,2016-05-06 11:00,NCD,,,,,
YPMQ,2016-05-06 13:00,,,,,,
YPMQ,2016-05-06 14:00,NCD,,,,,
YPMQ,2016-05-07 10:00,NCD,,,,,
YPMQ,2016-05-07 12:00,NCD,,,,,
YPMQ,2016-05-07 13:00,,,,,,
YPMQ,2016-05-07 14:00,,,,,,
YPMQ,2016-05-07 15:00,,,,,,
YPMQ,2016-05-07 16:00,,,,,,
YPMQ,2016-05-07 17:00,,,,,,
YPMQ,2016-05-14 10:00,,,,,,
YPMQ,2016-05-14 12:00,,,,,,
YPMQ,2016-05-14 13:00,NCD,,,,,
YPMQ,2016-05-14 15:00,,,,,,
YPMQ,2016-05-14 17:00,NCD,,,,,
YPMQ,2016-05-15 12:00,NCD,,,,,
YPMQ,2016-05-16 11:00,NCD,,,,,
YPMQ,2016-05-16 12:00,,,,,,
YPMQ,2016-05-19 12:00,,,,,,
YPMQ,2016-05-21 13:00,NCD,,,,,
YPMQ,2016-05-21 14:00,NCD,,,,,
YPMQ,2016-05-21 15:00,NCD,,,,,
YPMQ,2016-05-21 16:00,NCD,,,,,
YPMQ,2016-05-21 19:00,NCD,,,,,
YPMQ,2016-05-22 11:00,NCD,,,,,
YPMQ,2016-05-22 13:00,NCD,,,,,
YPMQ,2016-05-22 14:00,,,,,,
YPMQ,2016-05-22 15:00,,,,,,
YPMQ,2016-05-22 16:00,,,,,,
YPMQ,2016-05-22 17:00,,,,,,
YPMQ,2016-05-24 14:00,NCD,,,,,
YPMQ,2016-05-24 16:00,NCD,,,,,
YPMQ,2016-05-29 11:00,NCD,,,,,
YPMQ,2016-05-30 11:00,NCD,,,,,
YPMQ,2016-06-01 21:00,NCD,,,,,
YPMQ,2016-06-02 12:00,SCT,,,3900.00,,
YPMQ,2016-06-02 17:00,NCD,,,,,
YPMQ,2016-06-03 10:00,SCT,,,11000.00,,
YPMQ,2016-06-03 11:00,SCT,BKN,BKN,2500.00,4600.00,7700.00
YPMQ,2016-06-03 12:00,SCT,SCT,BKN,3000.00,6400.00,7700.00
YPMQ,2016-06-03 13:00,SCT,BKN,BKN,2900.00,5000.00,6200.00
YPMQ,2016-06-03 14:00,SCT,BKN,OVC,1300.00,1900.00,2700.00
YPMQ,2016-06-03 17:00,SCT,BKN,BKN,1200.00,3600.00,5600.00
YPMQ,2016-06-03 20:00,SCT,BKN,BKN,1000.00,2200.00,4200.00
YPMQ,2016-06-03 23:00,SCT,SCT,BKN,1300.00,2300.00,2800.00
YPMQ,2016-06-04 05:00,SCT,OVC,,3600.00,9600.00,
YPMQ,2016-06-04 09:00,SCT,BKN,BKN,2100.00,2900.00,3700.00
YPMQ,2016-06-04 10:00,SCT,BKN,BKN,1600.00,3100.00,4300.00
YPMQ,2016-06-04 11:00,BKN,OVC,OVC,100.00,500.00,1000.00
YPMQ,2016-06-04 12:00,SCT,BKN,BKN,1500.00,2800.00,4400.00
YPMQ,2016-06-04 13:00,,,,,,
YPMQ,2016-06-04 14:00,,,,,,
YPMQ,2016-06-04 15:00,SCT,BKN,BKN,2400.00,3300.00,4500.00
YPMQ,2016-06-04 16:00,SCT,BKN,OVC,600.00,1200.00,1800.00
YPMQ,2016-06-04 17:00,SCT,BKN,BKN,1500.00,2400.00,3200.00
YPMQ,2016-06-04 18:00,SCT,BKN,BKN,1100.00,1600.00,2300.00
YPMQ,2016-06-04 19:00,SCT,SCT,BKN,1100.00,1600.00,2200.00
YPMQ,2016-06-04 20:00,SCT,BKN,OVC,1400.00,1700.00,2300.00
YPMQ,2016-06-04 22:00,SCT,BKN,BKN,1800.00,2200.00,3100.00
YPMQ,2016-06-06 05:00,NCD,,,,,
YPMQ,2016-06-10 13:00,,,,,,
YPMQ,2016-06-10 15:00,,,,,,
YPMQ,2016-06-10 19:00,NCD,,,,,
YPMQ,2016-06-10 20:00,NCD,,,,,
YPMQ,2016-06-10 21:00,NCD,,,,,
YPMQ,2016-06-12 07:00,SCT,BKN,OVC,2000.00,3000.00,4000.00
YPMQ,2016-06-12 08:00,SCT,BKN,OVC,1000.00,1600.00,3000.00
YPMQ,2016-06-12 21:00,SCT,SCT,OVC,1400.00,2200.00,3500.00
YPMQ,2016-06-13 08:00,NCD,,,,,
YPMQ,2016-06-13 18:00,NCD,,,,,
YPMQ,2016-06-14 09:00,NCD,,,,,
YPMQ,2016-06-14 11:00,NCD,,,,,
YPMQ,2016-06-14 15:00,NCD,,,,,
YPMQ,2016-06-16 16:00,NCD,,,,,
YPMQ,2016-06-17 18:00,,,,,,
YPMQ,2016-06-17 19:00,NCD,,,,,
YPMQ,2016-06-18 23:00,SCT,SCT,BKN,1700.00,2300.00,3000.00
YPMQ,2016-06-19 01:00,BKN,BKN,OVC,200.00,600.00,2700.00
YPMQ,2016-06-19 02:00,SCT,BKN,BKN,100.00,700.00,1400.00
YPMQ,2016-06-19 08:00,SCT,BKN,OVC,1400.00,2300.00,4500.00
YPMQ,2016-06-19 09:00,SCT,BKN,BKN,900.00,1500.00,3500.00
YPMQ,2016-06-19 11:00,BKN,BKN,BKN,1500.00,5600.00,8700.00
YPMQ,2016-06-19 12:00,BKN,BKN,BKN,1500.00,4200.00,8000.00
YPMQ,2016-06-19 16:00,BKN,BKN,BKN,1500.00,2600.00,3900.00
YPMQ,2016-06-19 20:00,NCD,,,,,
YPMQ,2016-06-23 09:00,SCT,,,9800.00,,
YPMQ,2016-06-24 04:00,NCD,,,,,
YPMQ,2016-06-24 05:00,NCD,,,,,
YPMQ,2016-06-24 06:00,BKN,,,7600.00,,
YPMQ,2016-06-29 11:00,NCD,,,,,
YPMQ,2016-06-29 12:00,NCD,,,,,
YPMQ,2016-07-03 13:00,NCD,,,,,
YPMQ,2016-07-03 14:00,,,,,,
YPMQ,2016-07-03 15:00,NCD,,,,,
YPMQ,2016-07-03 18:00,NCD,,,,,
YPMQ,2016-07-08 10:00,,,,,,
YPMQ,2016-07-08 11:00,,,,,,
YPMQ,2016-07-08 12:00,,,,,,
YPMQ,2016-07-10 12:00,SCT,BKN,BKN,2200.00,4100.00,4700.00
YPMQ,2016-07-10 14:00,SCT,SCT,,2900.00,4000.00,
YPMQ,2016-07-10 15:00,NCD,,,,,
YPMQ,2016-07-10 17:00,,,,,,
YPMQ,2016-07-10 18:00,BKN,,,100.00,,
YPMQ,2016-07-10 19:00,BKN,,,100.00,,
YPMQ,2016-07-11 09:00,NCD,,,,,
YPMQ,2016-07-11 11:00,NCD,,,,,
YPMQ,2016-07-11 14:00,NCD,,,,,
YPMQ,2016-07-16 14:00,BKN,,,4400.00,,
YPMQ,2016-07-16 17:00,SCT,BKN,BKN,1100.00,1900.00,7300.00
YPMQ,2016-07-16 18:00,SCT,BKN,BKN,500.00,900.00,1500.00
YPMQ,2016-07-16 21:00,BKN,,,400.00,,
YPMQ,2016-07-16 22:00,SCT,BKN,OVC,200.00,1500.00,2300.00
YPMQ,2016-07-17 00:00,BKN,OVC,OVC,300.00,1900.00,2300.00
YPMQ,2016-07-17 01:00,BKN,BKN,OVC,300.00,4100.00,7700.00
YPMQ,2016-07-17 02:00,SCT,BKN,BKN,600.00,1100.00,4600.00
YPMQ,2016-07-17 10:00,SCT,,,4700.00,,
YPMQ,2016-07-17 11:00,SCT,,,4800.00,,
YPMQ,2016-07-17 12:00,SCT,BKN,,2300.00,2900.00,
YPMQ,2016-07-17 13:00,SCT,BKN,,100.00,2500.00,
YPMQ,2016-07-17 14:00,BKN,BKN,,100.00,4600.00,
YPMQ,2016-07-17 15:00,OVC,,,100.00,,
YPMQ,2016-07-17 16:00,BKN,OVC,,100.00,4000.00,
YPMQ,2016-07-17 18:00,BKN,,,3100.00,,
YPMQ,2016-07-17 19:00,OVC,,,100.00,,
YPMQ,2016-07-17 20:00,OVC,,,100.00,,
YPMQ,2016-07-17 21:00,OVC,,,100.00,,
YPMQ,2016-07-17 22:00,OVC,,,100.00,,
YPMQ,2016-07-18 10:00,NCD,,,,,
YPMQ,2016-07-18 11:00,NCD,,,,,
YPMQ,2016-07-18 12:00,NCD,,,,,
YPMQ,2016-07-18 13:00,,,,,,
YPMQ,2016-07-19 12:00,OVC,,,11500.00,,
YPMQ,2016-07-19 14:00,BKN,,,7300.00,,
YPMQ,2016-07-19 15:00,SCT,,,7500.00,,
YPMQ,2016-07-19 17:00,NCD,,,,,
YPMQ,2016-07-20 11:00,SCT,SCT,BKN,1200.00,1600.00,2700.00
YPMQ,2016-07-21 10:00,NCD,,,,,
YPMQ,2016-07-21 11:00,,,,,,
YPMQ,2016-07-21 12:00,SCT,,,100.00,,
YPMQ,2016-07-21 13:00,SCT,,,100.00,,
YPMQ,2016-07-21 14:00,BKN,,,100.00,,
YPMQ,2016-07-21 15:00,OVC,,,100.00,,
YPMQ,2016-07-21 16:00,OVC,,,100.00,,
YPMQ,2016-07-21 17:00,OVC,,,100.00,,
YPMQ,2016-07-21 18:00,OVC,,,100.00,,
YPMQ,2016-07-21 19:00,OVC,,,100.00,,
YPMQ,2016-07-21 20:00,OVC,,,100.00,,
YPMQ,2016-07-21 21:00,OVC,,,100.00,,
YPMQ,2016-07-21 22:00,OVC,,,100.00,,
YPMQ,2016-07-24 18:00,NCD,,,,,
YPMQ,2016-07-27 22:00,NCD,,,,,
YPMQ,2016-07-28 11:00,NCD,,,,,
YPMQ,2016-07-28 13:00,NCD,,,,,
YPMQ,2016-07-29 11:00,NCD,,,,,
YPMQ,2016-07-29 12:00,,,,,,
YPMQ,2016-07-29 13:00,,,,,,
YPMQ,2016-07-29 14:00,,,,,,
YPMQ,2016-07-29 17:00,NCD,,,,,
YPMQ,2016-07-30 10:00,NCD,,,,,
YPMQ,2016-07-30 11:00,NCD,,,,,
YPMQ,2016-07-30 12:00,NCD,,,,,
YPMQ,2016-07-30 13:00,NCD,,,,,
YPMQ,2016-07-30 14:00,NCD,,,,,
YPMQ,2016-07-30 18:00,NCD,,,,,
YPMQ,2016-07-31 12:00,,,,,,
YPMQ,2016-08-01 14:00,,,,,,
YPMQ,2016-08-01 20:00,NCD,,,,,
YPMQ,2016-08-01 21:00,NCD,,,,,
YPMQ,2016-08-02 12:00,SCT,SCT,SCT,900.00,2000.00,3100.00
YPMQ,2016-08-02 14:00,SCT,BKN,BKN,1000.00,1500.00,3200.00
YPMQ,2016-08-02 20:00,BKN,OVC,,800.00,1300.00,
YPMQ,2016-08-02 21:00,SCT,BKN,BKN,1000.00,1200.00,1700.00
YPMQ,2016-08-02 22:00,BKN,BKN,OVC,1400.00,2100.00,3100.00
YPMQ,2016-08-02 23:00,SCT,SCT,BKN,2100.00,3200.00,4600.00
YPMQ,2016-08-03 00:00,SCT,SCT,BKN,1900.00,2700.00,3300.00
YPMQ,2016-08-03 01:00,SCT,BKN,BKN,1900.00,2700.00,3400.00
YPMQ,2016-08-03 02:00,SCT,SCT,SCT,1800.00,2200.00,2800.00
YPMQ,2016-08-03 04:00,SCT,SCT,BKN,3000.00,4500.00,5600.00
YPMQ,2016-08-03 05:00,SCT,SCT,BKN,1600.00,2600.00,3300.00
YPMQ,2016-08-03 06:00,SCT,SCT,BKN,1900.00,3000.00,4600.00
YPMQ,2016-08-03 10:00,SCT,BKN,OVC,3600.00,5600.00,7100.00
YPMQ,2016-08-03 11:00,SCT,SCT,BKN,1100.00,3400.00,4500.00
YPMQ,2016-08-03 13:00,SCT,BKN,BKN,3800.00,4400.00,5400.00
YPMQ,2016-08-03 14:00,SCT,SCT,OVC,4200.00,5300.00,7000.00
YPMQ,2016-08-03 15:00,SCT,SCT,BKN,2900.00,3900.00,5400.00
YPMQ,2016-08-03 16:00,SCT,SCT,SCT,2200.00,4100.00,6200.00
YPMQ,2016-08-03 19:00,SCT,SCT,BKN,6000.00,6800.00,7600.00
YPMQ,2016-08-03 20:00,SCT,SCT,BKN,1300.00,3300.00,5300.00
YPMQ,2016-08-03 21:00,SCT,SCT,SCT,1400.00,2100.00,3400.00
YPMQ,2016-08-03 22:00,SCT,SCT,BKN,1100.00,2700.00,4700.00
YPMQ,2016-08-07 17:00,SCT,,,11000.00,,
YPMQ,2016-08-07 21:00,,,,,,
YPMQ,2016-08-09 18:00,NCD,,,,,
YPMQ,2016-08-09 19:00,,,,,,
YPMQ,2016-08-09 20:00,NCD,,,,,
YPMQ,2016-08-11 14:00,NCD,,,,,
YPMQ,2016-08-11 15:00,NCD,,,,,
YPMQ,2016-08-11 22:00,OVC,,,5700.00,,
YPMQ,2016-08-11 23:00,SCT,OVC,,5900.00,7500.00,
YPMQ,2016-08-12 00:00,SCT,BKN,BKN,5000.00,6500.00,7700.00
YPMQ,2016-08-12 10:00,NCD,,,,,
YPMQ,2016-08-12 11:00,NCD,,,,,
YPMQ,2016-08-12 12:00,NCD,,,,,
YPMQ,2016-08-15 15:00,NCD,,,,,
YPMQ,2016-08-16 15:00,NCD,,,,,
YPMQ,2016-08-16 16:00,NCD,,,,,
YPMQ,2016-08-16 17:00,,,,,,
YPMQ,2016-08-16 19:00,NCD,,,,,
YPMQ,2016-08-17 15:00,NCD,,,,,
YPMQ,2016-08-18 15:00,NCD,,,,,
YPMQ,2016-08-18 17:00,NCD,,,,,
YPMQ,2016-08-18 18:00,,,,,,
YPMQ,2016-08-22 14:00,SCT,BKN,,400.00,9100.00,
YPMQ,2016-08-22 15:00,SCT,OVC,,300.00,9800.00,
YPMQ,2016-08-22 17:00,NCD,,,,,
YPMQ,2016-08-22 18:00,OVC,,,100.00,,
YPMQ,2016-08-22 19:00,SCT,BKN,,100.00,6400.00,
YPMQ,2016-08-22 20:00,SCT,,,6400.00,,
YPMQ,2016-08-24 02:00,BKN,OVC,,300.00,1300.00,
YPMQ,2016-08-24 03:00,SCT,SCT,BKN,200.00,1100.00,2000.00
YPMQ,2016-08-24 06:00,SCT,OVC,,1000.00,1400.00,
YPMQ,2016-08-24 10:00,SCT,OVC,,6800.00,9600.00,
YPMQ,2016-08-26 23:00,SCT,SCT,BKN,1900.00,2800.00,3800.00
YPMQ,2016-08-28 14:00,NCD,,,,,
YPMQ,2016-08-31 20:00,NCD,,,,,
YPMQ,2016-09-03 03:00,NCD,,,,,
YPMQ,2016-09-03 04:00,NCD,,,,,
YPMQ,2016-09-03 05:00,NCD,,,,,
YPMQ,2016-09-03 06:00,NCD,,,,,
YPMQ,2016-09-05 12:00,,,,,,
YPMQ,2016-09-05 15:00,NCD,,,,,
YPMQ,2016-09-06 13:00,SCT,,,2700.00,,
YPMQ,2016-09-06 15:00,NCD,,,,,
YPMQ,2016-09-06 16:00,NCD,,,,,
YPMQ,2016-09-07 19:00,SCT,SCT,,5700.00,7600.00,
YPMQ,2016-09-07 20:00,SCT,BKN,,100.00,3700.00,
YPMQ,2016-09-08 16:00,SCT,,,7900.00,,
YPMQ,2016-09-08 18:00,NCD,,,,,
YPMQ,2016-09-08 19:00,SCT,,,7500.00,,
YPMQ,2016-09-13 15:00,SCT,SCT,BKN,2800.00,4700.00,6200.00
YPMQ,2016-09-13 16:00,SCT,,,4500.00,,
YPMQ,2016-09-13 18:00,SCT,,,8700.00,,
YPMQ,2016-09-13 19:00,SCT,SCT,,100.00,12500.00,
YPMQ,2016-09-13 20:00,BKN,OVC,,100.00,11500.00,
YPMQ,2016-09-13 21:00,BKN,OVC,,100.00,8700.00,
YPMQ,2016-09-18 05:00,OVC,,,1400.00,,
YPMQ,2016-09-18 12:00,NCD,,,,,
YPMQ,2016-09-21 03:00,BKN,OVC,,1400.00,7800.00,
YPMQ,2016-09-23 06:00,SCT,,,5200.00,,
YPMQ,2016-10-10 14:00,SCT,,,11000.00,,
YPMQ,2016-10-10 16:00,SCT,BKN,OVC,1400.00,2100.00,2500.00
YPMQ,2016-10-10 18:00,SCT,SCT,SCT,1900.00,2700.00,4600.00
YPMQ,2016-10-13 04:00,SCT,SCT,BKN,1300.00,2400.00,3300.00
YPMQ,2016-10-13 09:00,SCT,SCT,BKN,1900.00,3500.00,4100.00
YPMQ,2016-10-14 19:00,NCD,,,,,
YPMQ,2016-10-15 16:00,NCD,,,,,
YPMQ,2016-10-15 20:00,SCT,,,100.00,,
YPMQ,2016-10-17 06:00,SCT,SCT,BKN,800.00,1600.00,2800.00
YPMQ,2016-10-20 14:00,SCT,BKN,BKN,800.00,1700.00,2500.00
YPMQ,2016-10-20 15:00,BKN,OVC,OVC,800.00,2000.00,2600.00
YPMQ,2016-10-20 17:00,BKN,,,100.00,,
YPMQ,2016-10-20 18:00,OVC,,,100.00,,
YPMQ,2016-10-20 19:00,OVC,,,100.00,,
YPMQ,2016-10-20 20:00,BKN,,,100.00,,
YPMQ,2016-10-22 06:00,BKN,BKN,OVC,600.00,4900.00,6300.00
YPMQ,2016-10-22 08:00,SCT,BKN,BKN,900.00,1500.00,6500.00
YPMQ,2016-10-22 09:00,SCT,SCT,BKN,900.00,1200.00,4700.00
YPMQ,2016-10-24 16:00,NCD,,,,,
YPMQ,2016-10-28 13:00,,,,,,
YPMQ,2016-10-28 14:00,NCD,,,,,
YPMQ,2016-10-28 15:00,SCT,BKN,BKN,100.00,1900.00,3500.00
YPMQ,2016-10-28 16:00,BKN,OVC,,100.00,2400.00,
YPMQ,2016-10-28 17:00,OVC,,,100.00,,
YPMQ,2016-10-28 18:00,OVC,,,100.00,,
YPMQ,2016-10-28 19:00,OVC,,,100.00,,
YPMQ,2016-11-01 06:00,BKN,BKN,BKN,1300.00,2000.00,2500.00
YPMQ,2016-11-01 09:00,SCT,BKN,BKN,600.00,1300.00,1900.00
YPMQ,2016-11-01 10:00,SCT,SCT,BKN,800.00,1400.00,2700.00
YPMQ,2016-11-01 17:00,NCD,,,,,
YPMQ,2016-11-03 18:00,NCD,,,,,
YPMQ,2016-11-05 02:00,NCD,,,,,
YPMQ,2016-11-05 05:00,NCD,,,,,
YPMQ,2016-11-07 16:00,,,,,,
YPMQ,2016-11-07 17:00,NCD,,,,,
YPMQ,2016-11-07 18:00,NCD,,,,,
YPMQ,2016-11-07 19:00,,,,,,
YPMQ,2016-11-07 20:00,BKN,,,100.00,,
YPMQ,2016-11-09 11:00,BKN,OVC,,1000.00,1400.00,
YPMQ,2016-11-09 14:00,NCD,,,,,
YPMQ,2016-11-09 15:00,OVC,,,100.00,,
YPMQ,2016-11-09 16:00,OVC,,,100.00,,
YPMQ,2016-11-09 17:00,BKN,,,100.00,,
YPMQ,2016-11-09 19:00,,,,,,
YPMQ,2016-11-10 12:00,,,,,,
YPMQ,2016-11-10 14:00,,,,,,
YPMQ,2016-11-10 15:00,,,,,,
YPMQ,2016-11-10 17:00,SCT,,,100.00,,
YPMQ,2016-11-10 18:00,,,,,,
YPMQ,2016-11-11 18:00,OVC,OVC,,1400.00,2000.00,
YPMQ,2016-11-11 21:00,SCT,BKN,BKN,600.00,1500.00,2700.00
YPMQ,2016-11-12 00:00,SCT,SCT,,800.00,1100.00,
YPMQ,2016-11-13 06:00,NCD,,,,,
YPMQ,2016-11-13 07:00,NCD,,,,,
YPMQ,2016-11-13 16:00,NCD,,,,,
YPMQ,2016-11-18 14:00,NCD,,,,,
YPMQ,2016-11-18 18:00,NCD,,,,,
YPMQ,2016-11-20 16:00,BKN,,,100.00,,
YPMQ,2016-11-20 17:00,OVC,,,100.00,,
YPMQ,2016-11-20 18:00,OVC,,,100.00,,
YPMQ,2016-11-20 19:00,OVC,,,100.00,,
YPMQ,2016-11-20 20:00,OVC,,,100.00,,
YPMQ,2016-11-20 21:00,BKN,,,100.00,,
YPMQ,2016-11-21 18:00,NCD,,,,,
YPMQ,2016-11-23 11:00,BKN,,,1200.00,,
YPMQ,2016-11-24 02:00,NCD,,,,,
YPMQ,2016-11-24 03:00,NCD,,,,,
YPMQ,2016-11-24 04:00,NCD,,,,,
YPMQ,2016-11-24 05:00,NCD,,,,,
YPMQ,2016-11-25 16:00,NCD,,,,,
YPMQ,2016-11-25 19:00,NCD,,,,,
YPMQ,2016-11-26 17:00,,,,,,
YPMQ,2016-11-26 18:00,NCD,,,,,
YPMQ,2016-11-26 19:00,NCD,,,,,
YPMQ,2016-11-27 15:00,SCT,SCT,BKN,1500.00,1900.00,2300.00
YPMQ,2016-11-28 17:00,NCD,,,,,
YPMQ,2016-12-01 16:00,SCT,,,100.00,,
YPMQ,2016-12-01 17:00,OVC,,,100.00,,
YPMQ,2016-12-01 18:00,OVC,,,100.00,,
YPMQ,2016-12-01 19:00,OVC,,,100.00,,
YPMQ,2016-12-01 20:00,OVC,,,100.00,,
YPMQ,2016-12-01 21:00,BKN,,,200.00,,
YPMQ,2016-12-03 14:00,NCD,,,,,
YPMQ,2016-12-03 16:00,,,,,,
YPMQ,2016-12-03 17:00,SCT,,,12500.00,,
YPMQ,2016-12-03 18:00,BKN,,,100.00,,
YPMQ,2016-12-03 19:00,SCT,,,1200.00,,
YPMQ,2016-12-03 20:00,SCT,BKN,,900.00,1300.00,
YPMQ,2016-12-04 11:00,BKN,,,1500.00,,
YPMQ,2016-12-04 14:00,SCT,,,500.00,,
YPMQ,2016-12-04 15:00,BKN,,,500.00,,
YPMQ,2016-12-04 16:00,BKN,,,500.00,,
YPMQ,2016-12-04 17:00,OVC,,,800.00,,
YPMQ,2016-12-04 18:00,OVC,,,1000.00,,
YPMQ,2016-12-04 19:00,OVC,OVC,,1000.00,1200.00,
YPMQ,2016-12-05 12:00,SCT,BKN,,1000.00,1800.00,
YPMQ,2016-12-06 08:00,OVC,,,600.00,,
YPMQ,2016-12-06 09:00,OVC,OVC,,600.00,2700.00,
YPMQ,2016-12-06 10:00,SCT,SCT,OVC,600.00,2900.00,4300.00
YPMQ,2016-12-07 16:00,OVC,,,1300.00,,
YPMQ,2016-12-07 21:00,BKN,BKN,OVC,1000.00,1700.00,2300.00
YPMQ,2016-12-07 22:00,BKN,OVC,,1400.00,1900.00,
YPMQ,2016-12-07 23:00,OVC,,,1400.00,,
YPMQ,2016-12-08 05:00,,,,,,
YPMQ,2016-12-09 20:00,SCT,,,5100.00,,
YPMQ,2016-12-15 06:00,OVC,,,700.00,,
YPMQ,2016-12-15 07:00,OVC,,,700.00,,
YPMQ,2016-12-15 08:00,OVC,,,1300.00,,
YPMQ,2016-12-15 09:00,SCT,OVC,,1500.00,9800.00,
YPMQ,2016-12-15 16:00,OVC,,,1900.00,,
YPMQ,2016-12-15 17:00,BKN,OVC,,1700.00,5200.00,
YPMQ,2016-12-17 21:00,BKN,BKN,OVC,1800.00,2700.00,3300.00
YPMQ,2016-12-20 17:00,NCD,,,,,
YPMQ,2016-12-20 18:00,NCD,,,,,
YPMQ,2016-12-26 07:00,SCT,,,2600.00,,
YPMQ,2016-12-26 08:00,,,,,,
YPMQ,2017-01-01 11:00,BKN,OVC,,600.00,2200.00,
YPMQ,2017-01-01 15:00,SCT,BKN,OVC,600.00,1100.00,11500.00
YPMQ,2017-01-01 22:00,BKN,BKN,,600.00,10500.00,
YPMQ,2017-01-02 00:00,SCT,SCT,BKN,800.00,1300.00,2200.00
YPMQ,2017-01-02 02:00,SCT,SCT,BKN,1200.00,2000.00,3000.00
YPMQ,2017-01-03 01:00,SCT,BKN,BKN,1600.00,2000.00,2400.00
YPMQ,2017-01-03 02:00,BKN,BKN,OVC,1600.00,2100.00,2800.00
YPMQ,2017-01-04 17:00,SCT,SCT,SCT,700.00,1200.00,1700.00
YPMQ,2017-01-06 17:00,,,,,,
YPMQ,2017-01-06 18:00,SCT,BKN,BKN,100.00,2300.00,6500.00
YPMQ,2017-01-07 00:00,SCT,BKN,OVC,1600.00,2600.00,3400.00
YPMQ,2017-01-09 18:00,BKN,,,1200.00,,
YPMQ,2017-01-09 19:00,OVC,,,1000.00,,
YPMQ,2017-01-12 22:00,SCT,,,1700.00,,
YPMQ,2017-01-14 06:00,SCT,BKN,BKN,900.00,3900.00,6200.00
YPMQ,2017-01-14 16:00,BKN,BKN,OVC,1000.00,1500.00,3200.00
YPMQ,2017-01-14 17:00,OVC,OVC,,1400.00,1900.00,
YPMQ,2017-01-14 18:00,OVC,,,1400.00,,
YPMQ,2017-01-14 19:00,BKN,OVC,,1400.00,2000.00,
YPMQ,2017-01-14 20:00,SCT,BKN,OVC,700.00,1500.00,2100.00
YPMQ,2017-01-14 21:00,SCT,BKN,OVC,1100.00,1700.00,3500.00
YPMQ,2017-01-14 22:00,SCT,BKN,OVC,2100.00,2700.00,3400.00
YPMQ,2017-01-16 13:00,OVC,OVC,,2300.00,4800.00,
YPMQ,2017-01-16 14:00,SCT,,,1400.00,,
YPMQ,2017-01-18 09:00,SCT,SCT,,1300.00,12500.00,
YPMQ,2017-01-18 10:00,BKN,BKN,BKN,1500.00,2500.00,12500.00
YPMQ,2017-01-18 11:00,SCT,BKN,,2800.00,11000.00,
YPMQ,2017-01-18 14:00,BKN,BKN,OVC,1500.00,2500.00,3600.00
YPMQ,2017-01-18 17:00,BKN,,,600.00,,
YPMQ,2017-01-18 22:00,BKN,OVC,OVC,1500.00,2200.00,2700.00
YPMQ,2017-01-18 23:00,SCT,OVC,,900.00,1300.00,
YPMQ,2017-01-19 00:00,SCT,BKN,BKN,400.00,900.00,1200.00
YPMQ,2017-01-19 02:00,SCT,BKN,BKN,600.00,1100.00,2000.00
YPMQ,2017-01-19 03:00,SCT,BKN,OVC,1000.00,1600.00,2500.00
YPMQ,2017-01-20 06:00,,,,,,
YPMQ,2017-01-24 17:00,OVC,OVC,,1300.00,1900.00,
YPMQ,2017-01-24 18:00,BKN,OVC,,900.00,1400.00,
YPMQ,2017-01-24 19:00,SCT,OVC,,800.00,1600.00,
YPMQ,2017-01-24 21:00,SCT,BKN,OVC,1000.00,1500.00,2300.00
YPMQ,2017-01-24 22:00,OVC,OVC,,1500.00,2000.00,
YPMQ,2017-01-24 23:00,OVC,,,1500.00,,
YPMQ,2017-01-25 00:00,OVC,,,1100.00,,
YPMQ,2017-01-25 01:00,OVC,,,1300.00,,
YPMQ,2017-01-25 02:00,OVC,,,1300.00,,
YPMQ,2017-01-25 03:00,OVC,,,1300.00,,
YPMQ,2017-01-25 04:00,OVC,,,1500.00,,
YPMQ,2017-01-25 05:00,OVC,,,1300.00,,
YPMQ,2017-01-25 06:00,OVC,,,1300.00,,
YPMQ,2017-01-25 07:00,OVC,,,1300.00,,
YPMQ,2017-01-25 08:00,OVC,,,1300.00,,
YPMQ,2017-01-25 10:00,BKN,OVC,,1400.00,2200.00,
YPMQ,2017-01-25 11:00,OVC,,,1600.00,,
YPMQ,2017-01-27 13:00,BKN,BKN,BKN,1400.00,2600.00,3500.00
YPMQ,2017-01-27 14:00,BKN,OVC,OVC,900.00,1200.00,2800.00
YPMQ,2017-01-27 15:00,BKN,OVC,OVC,1600.00,2100.00,3700.00
YPMQ,2017-01-28 18:00,NCD,,,,,
YPMQ,2017-01-31 19:00,NCD,,,,,
YPMQ,2017-02-01 05:00,BKN,,,1300.00,,
YPMQ,2017-02-02 01:00,BKN,,,1300.00,,
YPMQ,2017-02-02 18:00,BKN,BKN,OVC,900.00,1200.00,2200.00
YPMQ,2017-02-02 19:00,SCT,OVC,,1500.00,2100.00,
YPMQ,2017-02-07 08:00,BKN,BKN,BKN,1600.00,2200.00,2500.00
YPMQ,2017-02-07 19:00,SCT,SCT,,2000.00,2700.00,
YPMQ,2017-02-07 23:00,BKN,,,1500.00,,
YPMQ,2017-02-09 18:00,NCD,,,,,
YPMQ,2017-02-09 19:00,BKN,,,100.00,,
YPMQ,2017-02-09 20:00,NCD,,,,,
YPMQ,2017-02-09 21:00,SCT,,,100.00,,
YPMQ,2017-02-12 05:00,NCD,,,,,
YPMQ,2017-02-12 08:00,NCD,,,,,
YPMQ,2017-02-12 09:00,BKN,BKN,,1500.00,2000.00,
YPMQ,2017-02-12 10:00,,,,,,
YPMQ,2017-02-13 16:00,SCT,OVC,OVC,2700.00,3300.00,4100.00
YPMQ,2017-02-14 14:00,BKN,BKN,OVC,800.00,3200.00,4000.00
YPMQ,2017-02-14 15:00,BKN,OVC,OVC,900.00,1300.00,1800.00
YPMQ,2017-02-17 19:00,SCT,,,100.00,,
YPMQ,2017-02-19 07:00,SCT,BKN,OVC,2000.00,2700.00,3300.00
YPMQ,2017-02-19 08:00,SCT,BKN,BKN,3800.00,4300.00,4900.00
YPMQ,2017-02-23 18:00,NCD,,,,,
YPMQ,2017-02-25 17:00,SCT,OVC,OVC,1500.00,2100.00,2800.00
YPMQ,2017-02-25 20:00,SCT,BKN,BKN,1400.00,2300.00,2600.00
YPMQ,2017-02-26 00:00,SCT,SCT,BKN,1300.00,2500.00,4400.00
YPMQ,2017-02-27 10:00,SCT,BKN,OVC,800.00,1900.00,2200.00
YPMQ,2017-02-27 16:00,SCT,BKN,,1100.00,2400.00,
YPMQ,2017-02-27 20:00,SCT,BKN,BKN,600.00,2500.00,3400.00
YPMQ,2017-02-28 05:00,SCT,SCT,BKN,1500.00,2800.00,4000.00
YPMQ,2017-02-28 10:00,SCT,BKN,OVC,500.00,900.00,2000.00
YPMQ,2017-02-28 13:00,SCT,BKN,BKN,4400.00,4900.00,5600.00
YPMQ,2017-02-28 23:00,SCT,BKN,OVC,1200.00,2600.00,4600.00
YPMQ,2017-03-01 00:00,SCT,BKN,BKN,800.00,1400.00,1700.00
YPMQ,2017-03-01 02:00,SCT,BKN,BKN,1300.00,2100.00,3600.00
YPMQ,2017-03-01 06:00,SCT,SCT,BKN,1500.00,2600.00,3200.00
YPMQ,2017-03-01 18:00,OVC,,,100.00,,
YPMQ,2017-03-01 19:00,SCT,OVC,,200.00,1500.00,
YPMQ,2017-03-01 20:00,SCT,,,100.00,,
YPMQ,2017-03-01 21:00,SCT,,,300.00,,
YPMQ,2017-03-02 16:00,OVC,,,400.00,,
YPMQ,2017-03-02 18:00,BKN,,,200.00,,
YPMQ,2017-03-02 19:00,OVC,,,100.00,,
YPMQ,2017-03-02 20:00,OVC,,,200.00,,
YPMQ,2017-03-06 03:00,SCT,BKN,BKN,4100.00,5300.00,6700.00
YPMQ,2017-03-07 07:00,NCD,,,,,
YPMQ,2017-03-08 21:00,SCT,BKN,BKN,1300.00,1800.00,2500.00
YPMQ,2017-03-09 05:00,BKN,,,7600.00,,
YPMQ,2017-03-09 06:00,,,,,,
YPMQ,2017-03-11 18:00,NCD,,,,,
YPMQ,2017-03-12 14:00,SCT,,,1800.00,,
YPMQ,2017-03-13 17:00,SCT,BKN,BKN,1600.00,4200.00,11500.00
YPMQ,2017-03-13 18:00,BKN,BKN,,1200.00,1700.00,
YPMQ,2017-03-13 20:00,BKN,BKN,OVC,1300.00,2000.00,3000.00
YPMQ,2017-03-14 08:00,BKN,BKN,OVC,800.00,1300.00,1900.00
YPMQ,2017-03-14 14:00,BKN,BKN,OVC,900.00,1800.00,3200.00
YPMQ,2017-03-14 18:00,SCT,BKN,BKN,900.00,1900.00,2700.00
YPMQ,2017-03-15 02:00,BKN,BKN,OVC,600.00,1300.00,2900.00
YPMQ,2017-03-15 03:00,BKN,BKN,BKN,600.00,1400.00,2400.00
YPMQ,2017-03-15 04:00,SCT,BKN,BKN,1200.00,2500.00,3700.00
YPMQ,2017-03-15 05:00,SCT,BKN,OVC,1200.00,2500.00,3300.00
YPMQ,2017-03-15 06:00,SCT,BKN,BKN,1000.00,1900.00,2900.00
YPMQ,2017-03-15 07:00,SCT,SCT,BKN,800.00,1300.00,2000.00
YPMQ,2017-03-15 08:00,SCT,BKN,BKN,800.00,1300.00,2100.00
YPMQ,2017-03-15 09:00,BKN,BKN,BKN,1300.00,2600.00,3400.00
YPMQ,2017-03-15 10:00,SCT,BKN,BKN,1500.00,2700.00,3600.00
YPMQ,2017-03-15 11:00,BKN,BKN,BKN,1300.00,2300.00,2900.00
YPMQ,2017-03-15 12:00,SCT,SCT,BKN,800.00,1600.00,2900.00
YPMQ,2017-03-15 13:00,BKN,BKN,BKN,800.00,1200.00,1800.00
YPMQ,2017-03-15 14:00,SCT,BKN,OVC,600.00,1100.00,1400.00
YPMQ,2017-03-15 15:00,BKN,OVC,OVC,500.00,1000.00,2200.00
YPMQ,2017-03-15 16:00,SCT,BKN,BKN,600.00,1100.00,1800.00
YPMQ,2017-03-15 17:00,SCT,BKN,OVC,600.00,1900.00,4200.00
YPMQ,2017-03-15 22:00,BKN,OVC,,1500.00,2000.00,
YPMQ,2017-03-16 10:00,SCT,BKN,BKN,1200.00,1700.00,2800.00
YPMQ,2017-03-16 14:00,NCD,,,,,
YPMQ,2017-03-16 15:00,NCD,,,,,
YPMQ,2017-03-16 16:00,NCD,,,,,
YPMQ,2017-03-16 17:00,OVC,,,100.00,,
YPMQ,2017-03-16 18:00,SCT,SCT,BKN,100.00,600.00,1400.00
YPMQ,2017-03-16 19:00,BKN,OVC,,800.00,1300.00,
YPMQ,2017-03-17 05:00,BKN,OVC,,1100.00,1400.00,
YPMQ,2017-03-17 06:00,BKN,BKN,OVC,700.00,900.00,1700.00
YPMQ,2017-03-17 07:00,BKN,BKN,BKN,800.00,1100.00,1900.00
YPMQ,2017-03-17 08:00,BKN,BKN,OVC,900.00,1600.00,2400.00
YPMQ,2017-03-17 09:00,SCT,OVC,,800.00,1100.00,
YPMQ,2017-03-17 10:00,OVC,OVC,,1200.00,1800.00,
YPMQ,2017-03-17 11:00,BKN,OVC,OVC,600.00,1000.00,1700.00
YPMQ,2017-03-17 12:00,BKN,BKN,OVC,600.00,1300.00,2500.00
YPMQ,2017-03-17 13:00,SCT,BKN,BKN,900.00,1400.00,1700.00
YPMQ,2017-03-17 20:00,SCT,SCT,BKN,1500.00,2100.00,2800.00
YPMQ,2017-03-17 23:00,SCT,SCT,OVC,2800.00,4100.00,6800.00
YPMQ,2017-03-18 00:00,SCT,BKN,OVC,2500.00,3200.00,4600.00
YPMQ,2017-03-18 03:00,BKN,BKN,OVC,2200.00,2800.00,3800.00
YPMQ,2017-03-18 05:00,SCT,SCT,BKN,800.00,1200.00,1700.00
YPMQ,2017-03-18 06:00,BKN,OVC,,1000.00,1600.00,
YPMQ,2017-03-18 07:00,SCT,OVC,OVC,800.00,1200.00,1800.00
YPMQ,2017-03-18 08:00,SCT,OVC,OVC,900.00,1500.00,2400.00
YPMQ,2017-03-18 09:00,BKN,BKN,OVC,1200.00,1900.00,11500.00
YPMQ,2017-03-18 10:00,SCT,BKN,BKN,1000.00,1600.00,2700.00
YPMQ,2017-03-18 11:00,BKN,BKN,BKN,1200.00,2600.00,6700.00
YPMQ,2017-03-18 12:00,SCT,BKN,OVC,400.00,800.00,1700.00
YPMQ,2017-03-18 15:00,SCT,BKN,BKN,1000.00,1500.00,2600.00
YPMQ,2017-03-18 17:00,SCT,BKN,BKN,1300.00,1800.00,2500.00
YPMQ,2017-03-18 18:00,BKN,BKN,BKN,1500.00,3400.00,4500.00
YPMQ,2017-03-18 19:00,SCT,SCT,BKN,1500.00,1900.00,2800.00
YPMQ,2017-03-18 20:00,SCT,BKN,BKN,1300.00,1700.00,2900.00
YPMQ,2017-03-18 21:00,OVC,,,1100.00,,
YPMQ,2017-03-18 22:00,SCT,SCT,BKN,1400.00,2400.00,3100.00
YPMQ,2017-03-18 23:00,SCT,BKN,OVC,1200.00,1900.00,2700.00
YPMQ,2017-03-19 01:00,SCT,BKN,BKN,1400.00,2800.00,7800.00
YPMQ,2017-03-19 13:00,BKN,BKN,OVC,1000.00,1600.00,2200.00
YPMQ,2017-03-19 17:00,OVC,,,1400.00,,
YPMQ,2017-03-19 22:00,BKN,BKN,OVC,2100.00,3200.00,4100.00
YPMQ,2017-03-20 15:00,SCT,SCT,BKN,900.00,1300.00,1700.00
YPMQ,2017-03-20 16:00,SCT,SCT,BKN,800.00,1700.00,3200.00
YPMQ,2017-03-23 20:00,BKN,BKN,OVC,1100.00,1600.00,4100.00
YPMQ,2017-03-25 15:00,SCT,BKN,OVC,2000.00,2800.00,3700.00
YPMQ,2017-03-26 16:00,SCT,,,100.00,,
YPMQ,2017-03-26 17:00,BKN,,,100.00,,
YPMQ,2017-03-26 18:00,SCT,,,4800.00,,
YPMQ,2017-03-26 20:00,OVC,,,100.00,,
YPMQ,2017-03-26 21:00,OVC,,,100.00,,
YPMQ,2017-03-27 19:00,SCT,,,100.00,,
YPMQ,2017-03-28 15:00,,,,,,
YPMQ,2017-03-28 16:00,,,,,,
YPMQ,2017-03-28 17:00,NCD,,,,,
YPMQ,2017-03-28 18:00,SCT,,,100.00,,
YPMQ,2017-03-28 19:00,OVC,,,100.00,,
YPMQ,2017-03-28 20:00,OVC,,,100.00,,
YPMQ,2017-03-28 21:00,OVC,,,100.00,,
YPMQ,2017-03-28 22:00,BKN,,,100.00,,
YPMQ,2017-03-29 19:00,OVC,,,1200.00,,
YPMQ,2017-03-29 20:00,BKN,OVC,OVC,1200.00,7600.00,8700.00
YPMQ,2017-03-29 21:00,BKN,BKN,BKN,1100.00,2600.00,3900.00
YPMQ,2017-03-29 22:00,SCT,BKN,BKN,2000.00,3100.00,3900.00
YPMQ,2017-03-30 01:00,SCT,SCT,SCT,400.00,1000.00,1700.00
YPMQ,2017-03-30 03:00,SCT,BKN,BKN,1900.00,2400.00,3200.00
YPMQ,2017-03-30 04:00,SCT,BKN,OVC,500.00,1200.00,1700.00
YPMQ,2017-03-30 05:00,SCT,BKN,BKN,600.00,1100.00,1600.00
YPMQ,2017-03-30 06:00,BKN,BKN,BKN,500.00,1000.00,1400.00
YPMQ,2017-03-30 07:00,BKN,BKN,OVC,900.00,1500.00,2700.00
YPMQ,2017-03-30 08:00,BKN,OVC,,600.00,1200.00,
YPMQ,2017-03-30 09:00,OVC,,,800.00,,
YPMQ,2017-03-30 10:00,SCT,BKN,OVC,300.00,700.00,5300.00
YPMQ,2017-03-30 11:00,SCT,BKN,BKN,1100.00,1800.00,2300.00
YPMQ,2017-04-02 20:00,SCT,BKN,BKN,1500.00,2600.00,4100.00
YPMQ,2017-04-03 00:00,SCT,SCT,BKN,2800.00,3800.00,5200.00
YPMQ,2017-04-03 15:00,SCT,SCT,BKN,1400.00,2500.00,3500.00
YPMQ,2017-04-03 17:00,SCT,SCT,BKN,1400.00,2400.00,3400.00
YPMQ,2017-04-04 00:00,SCT,SCT,BKN,1500.00,2900.00,4000.00
YPMQ,2017-04-17 14:00,,,,,,
YPMQ,2017-04-17 18:00,NCD,,,,,
YPMQ,2017-04-17 20:00,NCD,,,,,
YPMQ,2017-04-19 14:00,NCD,,,,,
YPMQ,2017-04-19 19:00,NCD,,,,,
YPMQ,2017-04-21 13:00,NCD,,,,,
YPMQ,2017-04-21 21:00,SCT,BKN,OVC,1700.00,2500.00,3200.00
YPMQ,2017-04-23 14:00,,,,,,
YPMQ,2017-04-23 16:00,NCD,,,,,
YPMQ,2017-04-23 17:00,,,,,,
YPMQ,2017-04-23 18:00,,,,,,
YPMQ,2017-04-24 17:00,NCD,,,,,
YPMQ,2017-04-24 19:00,BKN,,,100.00,,
YPMQ,2017-04-24 20:00,SCT,,,100.00,,
YPMQ,2017-04-24 21:00,NCD,,,,,
YPMQ,2017-04-27 22:00,SCT,BKN,OVC,4400.00,5800.00,6900.00
YPMQ,2017-04-28 04:00,SCT,,,5700.00,,
YPMQ,2017-04-29 14:00,NCD,,,,,
YPMQ,2017-04-30 11:00,NCD,,,,,
YPMQ,2017-04-30 12:00,NCD,,,,,
YPMQ,2017-05-01 15:00,,,,,,
YPMQ,2017-05-01 16:00,NCD,,,,,
YPMQ,2017-05-01 17:00,BKN,,,100.00,,
YPMQ,2017-05-01 18:00,NCD,,,,,
YPMQ,2017-05-01 19:00,SCT,,,100.00,,
YPMQ,2017-05-01 20:00,BKN,,,100.00,,
YPMQ,2017-05-03 11:00,SCT,BKN,BKN,1900.00,3100.00,4600.00
YPMQ,2017-05-03 14:00,SCT,BKN,OVC,600.00,3800.00,5400.00
YPMQ,2017-05-03 15:00,SCT,SCT,BKN,1300.00,1700.00,2700.00
YPMQ,2017-05-03 16:00,SCT,BKN,BKN,1300.00,2300.00,4300.00
YPMQ,2017-05-06 14:00,NCD,,,,,
YPMQ,2017-05-10 14:00,SCT,BKN,OVC,1700.00,2300.00,2900.00
YPMQ,2017-05-11 20:00,NCD,,,,,
YPMQ,2017-05-13 12:00,SCT,,,11500.00,,
YPMQ,2017-05-13 22:00,SCT,SCT,OVC,2300.00,2800.00,4500.00
YPMQ,2017-05-14 00:00,BKN,BKN,OVC,300.00,4500.00,4900.00
YPMQ,2017-05-14 01:00,SCT,BKN,BKN,400.00,1200.00,2400.00
YPMQ,2017-05-14 02:00,BKN,BKN,OVC,1600.00,2400.00,3200.00
YPMQ,2017-05-14 03:00,SCT,BKN,BKN,400.00,1100.00,3300.00
YPMQ,2017-05-15 02:00,NCD,,,,,
YPMQ,2017-05-18 15:00,SCT,BKN,BKN,1100.00,2000.00,3000.00
YPMQ,2017-05-18 16:00,BKN,BKN,BKN,400.00,1500.00,2600.00
YPMQ,2017-05-18 17:00,SCT,BKN,BKN,100.00,1200.00,1700.00
YPMQ,2017-05-18 18:00,SCT,BKN,BKN,100.00,1200.00,1800.00
YPMQ,2017-05-18 19:00,BKN,BKN,OVC,500.00,1300.00,1700.00
YPMQ,2017-05-18 20:00,SCT,BKN,OVC,900.00,1500.00,2500.00
YPMQ,2017-05-18 21:00,SCT,BKN,OVC,700.00,1200.00,1800.00
YPMQ,2017-05-19 11:00,SCT,SCT,BKN,2000.00,2900.00,3900.00
YPMQ,2017-05-20 10:00,SCT,,,12000.00,,
YPMQ,2017-05-20 12:00,SCT,,,100.00,,
YPMQ,2017-05-20 13:00,NCD,,,,,
YPMQ,2017-05-20 15:00,SCT,,,12000.00,,
YPMQ,2017-05-20 16:00,BKN,,,100.00,,
YPMQ,2017-05-20 18:00,,,,,,
YPMQ,2017-05-21 09:00,BKN,BKN,BKN,1300.00,1900.00,2500.00
YPMQ,2017-05-21 12:00,SCT,,,4100.00,,
YPMQ,2017-05-21 13:00,SCT,,,2700.00,,
YPMQ,2017-05-21 15:00,SCT,BKN,,4200.00,9400.00,
YPMQ,2017-05-22 15:00,BKN,,,3000.00,,
YPMQ,2017-05-22 16:00,,,,,,
YPMQ,2017-05-22 17:00,OVC,,,100.00,,
YPMQ,2017-05-22 18:00,OVC,,,100.00,,
YPMQ,2017-05-22 19:00,OVC,,,100.00,,
YPMQ,2017-05-22 20:00,OVC,,,100.00,,
YPMQ,2017-05-22 21:00,OVC,,,100.00,,
YPMQ,2017-05-23 10:00,NCD,,,,,
YPMQ,2017-05-23 15:00,SCT,,,100.00,,
YPMQ,2017-05-23 16:00,SCT,,,100.00,,
YPMQ,2017-05-23 17:00,BKN,,,100.00,,
YPMQ,2017-05-23 18:00,BKN,,,100.00,,
YPMQ,2017-05-23 19:00,OVC,,,100.00,,
YPMQ,2017-05-23 20:00,OVC,,,200.00,,
YPMQ,2017-05-23 21:00,SCT,,,100.00,,
YPMQ,2017-05-23 22:00,SCT,,,100.00,,
YPMQ,2017-05-26 13:00,NCD,,,,,
YPMQ,2017-05-26 14:00,SCT,,,2900.00,,
YPMQ,2017-05-26 15:00,NCD,,,,,
YPMQ,2017-05-27 13:00,,,,,,
YPMQ,2017-05-27 15:00,NCD,,,,,
YPMQ,2017-05-27 16:00,,,,,,
YPMQ,2017-05-27 17:00,,,,,,
YPMQ,2017-05-27 19:00,SCT,OVC,,100.00,10500.00,
YPMQ,2017-05-28 12:00,NCD,,,,,
YPMQ,2017-05-28 13:00,NCD,,,,,
YPMQ,2017-05-28 14:00,NCD,,,,,
YPMQ,2017-05-28 15:00,NCD,,,,,
YPMQ,2017-06-05 11:00,SCT,,,5700.00,,
YPMQ,2017-06-05 20:00,NCD,,,,,
YPMQ,2017-06-08 10:00,SCT,BKN,BKN,1000.00,2600.00,3700.00
YPMQ,2017-06-08 11:00,SCT,BKN,BKN,800.00,1700.00,2600.00
YPMQ,2017-06-08 18:00,SCT,BKN,OVC,1100.00,2400.00,6400.00
YPMQ,2017-06-08 21:00,SCT,SCT,BKN,300.00,600.00,1300.00
YPMQ,2017-06-08 22:00,BKN,BKN,OVC,1200.00,2000.00,2500.00
YPMQ,2017-06-08 23:00,BKN,BKN,OVC,700.00,1600.00,2500.00
YPMQ,2017-06-09 01:00,SCT,BKN,BKN,1500.00,2000.00,2700.00
YPMQ,2017-06-09 04:00,SCT,BKN,BKN,1600.00,3100.00,3900.00
YPMQ,2017-06-09 23:00,SCT,SCT,BKN,1200.00,2700.00,3300.00
YPMQ,2017-06-10 15:00,SCT,SCT,BKN,500.00,1400.00,2200.00
YPMQ,2017-06-10 19:00,SCT,BKN,BKN,1200.00,3200.00,3900.00
YPMQ,2017-06-10 20:00,SCT,BKN,BKN,1600.00,3100.00,4300.00
YPMQ,2017-06-11 23:00,BKN,,,5300.00,,
YPMQ,2017-06-12 01:00,SCT,BKN,OVC,1200.00,2000.00,3100.00
YPMQ,2017-06-12 04:00,SCT,BKN,BKN,1500.00,2400.00,5200.00
YPMQ,2017-06-13 02:00,SCT,BKN,BKN,700.00,1800.00,3100.00
YPMQ,2017-06-13 07:00,SCT,BKN,BKN,1400.00,2700.00,3600.00
YPMQ,2017-06-14 14:00,SCT,SCT,BKN,300.00,1700.00,2900.00
YPMQ,2017-06-14 17:00,SCT,SCT,BKN,1000.00,1800.00,2200.00
YPMQ,2017-06-15 13:00,NCD,,,,,
YPMQ,2017-06-15 14:00,BKN,,,100.00,,
YPMQ,2017-06-15 16:00,OVC,,,100.00,,
YPMQ,2017-06-15 17:00,OVC,,,100.00,,
YPMQ,2017-06-17 04:00,BKN,OVC,,1400.00,2800.00,
YPMQ,2017-06-17 12:00,NCD,,,,,
YPMQ,2017-06-23 12:00,NCD,,,,,
YPMQ,2017-06-28 09:00,SCT,SCT,BKN,3000.00,5900.00,9400.00
YPMQ,2017-06-28 12:00,SCT,SCT,OVC,1100.00,2100.00,5200.00
YPMQ,2017-06-28 13:00,SCT,SCT,SCT,100.00,2100.00,3500.00
YPMQ,2017-06-28 17:00,BKN,BKN,,10000.00,12000.00,
YPMQ,2017-06-28 18:00,BKN,OVC,,10000.00,12000.00,
YPMQ,2017-06-29 06:00,BKN,BKN,BKN,700.00,5800.00,11000.00
YPMQ,2017-06-29 07:00,BKN,OVC,,600.00,12500.00,
YPMQ,2017-06-29 08:00,BKN,BKN,BKN,1000.00,2300.00,10500.00
YPMQ,2017-07-02 10:00,,,,,,
YPMQ,2017-07-02 14:00,,,,,,
YPMQ,2017-07-03 13:00,NCD,,,,,
YPMQ,2017-07-12 07:00,SCT,SCT,BKN,900.00,1600.00,2500.00
YPMQ,2017-07-13 13:00,,,,,,
YPMQ,2017-07-13 18:00,NCD,,,,,
YPMQ,2017-07-15 04:00,SCT,OVC,,200.00,7200.00,
YPMQ,2017-07-15 05:00,SCT,SCT,BKN,3100.00,4000.00,5700.00
YPMQ,2017-07-15 08:00,SCT,,,100.00,,
YPMQ,2017-07-15 09:00,OVC,,,100.00,,
YPMQ,2017-07-15 10:00,SCT,,,100.00,,
YPMQ,2017-07-15 11:00,OVC,,,100.00,,
YPMQ,2017-07-15 12:00,OVC,,,100.00,,
YPMQ,2017-07-15 13:00,OVC,,,200.00,,
YPMQ,2017-07-16 14:00,SCT,,,7200.00,,
YPMQ,2017-07-16 20:00,NCD,,,,,
YPMQ,2017-07-16 21:00,NCD,,,,,
YPMQ,2017-07-22 10:00,NCD,,,,,
YPMQ,2017-07-22 11:00,NCD,,,,,
YPMQ,2017-07-27 14:00,NCD,,,,,
YPMQ,2017-07-27 19:00,,,,,,
YPMQ,2017-08-03 21:00,NCD,,,,,
YPMQ,2017-08-06 15:00,NCD,,,,,
YPMQ,2017-08-13 12:00,NCD,,,,,
YPMQ,2017-08-16 05:00,NCD,,,,,
YPMQ,2017-08-18 02:00,NCD,,,,,
YPMQ,2017-08-18 04:00,NCD,,,,,
YPMQ,2017-08-19 04:00,NCD,,,,,
YPMQ,2017-08-20 00:00,SCT,BKN,,4600.00,5300.00,
YPMQ,2017-08-21 16:00,NCD,,,,,
YPMQ,2017-08-22 13:00,,,,,,
YPMQ,2017-08-22 14:00,NCD,,,,,
YPMQ,2017-08-23 13:00,NCD,,,,,
YPMQ,2017-08-23 14:00,,,,,,
YPMQ,2017-08-23 15:00,,,,,,
YPMQ,2017-08-23 16:00,,,,,,
YPMQ,2017-09-02 16:00,NCD,,,,,
YPMQ,2017-09-03 18:00,NCD,,,,,
YPMQ,2017-09-10 14:00,NCD,,,,,
YPMQ,2017-09-11 11:00,,,,,,
YPMQ,2017-09-11 12:00,NCD,,,,,
YPMQ,2017-09-11 15:00,NCD,,,,,
YPMQ,2017-09-13 14:00,NCD,,,,,
YPMQ,2017-09-15 15:00,NCD,,,,,
YPMQ,2017-09-18 15:00,NCD,,,,,
YPMQ,2017-09-18 17:00,NCD,,,,,
YPMQ,2017-09-18 18:00,NCD,,,,,
YPMQ,2017-09-18 19:00,,,,,,
YPMQ,2017-09-18 20:00,NCD,,,,,
YPMQ,2017-09-19 01:00,NCD,,,,,
YPMQ,2017-09-19 03:00,NCD,,,,,
YPMQ,2017-09-20 13:00,NCD,,,,,
YPMQ,2017-09-20 14:00,NCD,,,,,
YPMQ,2017-09-20 15:00,NCD,,,,,
YPMQ,2017-09-20 17:00,NCD,,,,,
YPMQ,2017-09-20 18:00,NCD,,,,,
YPMQ,2017-09-21 14:00,NCD,,,,,
YPMQ,2017-09-21 15:00,NCD,,,,,
YPMQ,2017-09-21 16:00,NCD,,,,,
YPMQ,2017-09-21 17:00,NCD,,,,,
YPMQ,2017-09-21 18:00,NCD,,,,,
YPMQ,2017-09-21 20:00,NCD,,,,,
YPMQ,2017-09-22 11:00,NCD,,,,,
YPMQ,2017-09-22 13:00,NCD,,,,,
YPMQ,2017-09-22 14:00,,,,,,
YPMQ,2017-09-22 15:00,BKN,,,100.00,,
YPMQ,2017-09-22 16:00,SCT,,,100.00,,
YPMQ,2017-09-22 17:00,,,,,,
YPMQ,2017-09-24 04:00,NCD,,,,,
YPMQ,2017-09-29 12:00,NCD,,,,,
YPMQ,2017-10-01 12:00,NCD,,,,,
YPMQ,2017-10-01 13:00,NCD,,,,,
YPMQ,2017-10-01 14:00,NCD,,,,,
YPMQ,2017-10-01 17:00,,,,,,
YPMQ,2017-10-01 19:00,NCD,,,,,
YPMQ,2017-10-02 04:00,SCT,BKN,BKN,700.00,1100.00,1400.00
YPMQ,2017-10-02 05:00,SCT,BKN,OVC,400.00,1300.00,1700.00
YPMQ,2017-10-02 06:00,SCT,BKN,BKN,800.00,1600.00,2200.00
YPMQ,2017-10-02 07:00,BKN,OVC,OVC,1100.00,1700.00,4200.00
YPMQ,2017-10-02 08:00,BKN,OVC,,400.00,800.00,
YPMQ,2017-10-02 11:00,BKN,OVC,OVC,700.00,1200.00,1800.00
YPMQ,2017-10-02 12:00,SCT,BKN,BKN,800.00,1900.00,2600.00
YPMQ,2017-10-02 22:00,BKN,BKN,OVC,300.00,3300.00,4300.00
YPMQ,2017-10-03 00:00,BKN,OVC,OVC,600.00,1100.00,1600.00
YPMQ,2017-10-03 01:00,BKN,OVC,,500.00,800.00,
YPMQ,2017-10-03 02:00,BKN,OVC,,600.00,1200.00,
YPMQ,2017-10-03 08:00,BKN,OVC,,1300.00,11000.00,
YPMQ,2017-10-03 10:00,SCT,BKN,BKN,1300.00,1700.00,2400.00
YPMQ,2017-10-03 13:00,SCT,OVC,,1300.00,3500.00,
YPMQ,2017-10-03 15:00,OVC,,,100.00,,
YPMQ,2017-10-03 16:00,OVC,,,100.00,,
YPMQ,2017-10-03 17:00,OVC,,,100.00,,
YPMQ,2017-10-03 19:00,NCD,,,,,
YPMQ,2017-10-04 12:00,SCT,,,1900.00,,
YPMQ,2017-10-04 14:00,,,,,,
YPMQ,2017-10-04 15:00,SCT,,,100.00,,
YPMQ,2017-10-04 16:00,SCT,,,100.00,,
YPMQ,2017-10-04 17:00,SCT,SCT,,100.00,10500.00,
YPMQ,2017-10-04 20:00,SCT,SCT,,100.00,11000.00,
YPMQ,2017-10-05 13:00,NCD,,,,,
YPMQ,2017-10-05 16:00,BKN,,,200.00,,
YPMQ,2017-10-05 17:00,OVC,,,100.00,,
YPMQ,2017-10-05 18:00,SCT,OVC,,100.00,12000.00,
YPMQ,2017-10-05 19:00,SCT,OVC,,100.00,12000.00,
YPMQ,2017-10-08 20:00,BKN,,,400.00,,
YPMQ,2017-10-09 21:00,OVC,,,1400.00,,
YPMQ,2017-10-09 22:00,BKN,BKN,OVC,1400.00,1800.00,2400.00
YPMQ,2017-10-09 23:00,BKN,BKN,OVC,1400.00,1900.00,2400.00
YPMQ,2017-10-10 00:00,OVC,OVC,,1200.00,1800.00,
YPMQ,2017-10-10 01:00,OVC,,,1400.00,,
YPMQ,2017-10-10 15:00,BKN,BKN,OVC,1300.00,2200.00,3200.00
YPMQ,2017-10-10 16:00,OVC,OVC,,1100.00,1800.00,
YPMQ,2017-10-10 17:00,BKN,BKN,OVC,1400.00,2000.00,3000.00
YPMQ,2017-10-10 18:00,SCT,BKN,BKN,600.00,1200.00,2000.00
YPMQ,2017-10-10 20:00,BKN,OVC,OVC,1500.00,2200.00,2800.00
YPMQ,2017-10-11 19:00,SCT,BKN,BKN,3900.00,5700.00,7200.00
YPMQ,2017-10-11 20:00,SCT,SCT,BKN,2100.00,2900.00,3800.00
YPMQ,2017-10-11 23:00,BKN,OVC,,600.00,900.00,
YPMQ,2017-10-12 11:00,SCT,BKN,,800.00,1200.00,
YPMQ,2017-10-12 19:00,NCD,,,,,
YPMQ,2017-10-13 11:00,BKN,OVC,,1400.00,2000.00,
YPMQ,2017-10-13 12:00,OVC,,,1300.00,,
YPMQ,2017-10-13 13:00,OVC,OVC,,1300.00,1900.00,
YPMQ,2017-10-13 14:00,OVC,,,1100.00,,
YPMQ,2017-10-13 15:00,SCT,BKN,BKN,1000.00,1600.00,2000.00
YPMQ,2017-10-13 16:00,BKN,BKN,OVC,1000.00,1400.00,1800.00
YPMQ,2017-10-13 17:00,SCT,OVC,,1000.00,2000.00,
YPMQ,2017-10-13 18:00,SCT,BKN,BKN,1400.00,1900.00,2400.00
YPMQ,2017-10-13 19:00,SCT,OVC,OVC,800.00,1200.00,2200.00
YPMQ,2017-10-17 17:00,SCT,BKN,BKN,1700.00,2300.00,3400.00
YPMQ,2017-10-20 09:00,SCT,BKN,BKN,600.00,1000.00,2500.00
YPMQ,2017-10-20 11:00,SCT,SCT,BKN,1000.00,1400.00,1900.00
YPMQ,2017-10-20 12:00,BKN,OVC,,1300.00,2100.00,
YPMQ,2017-10-20 13:00,BKN,BKN,OVC,800.00,1300.00,1800.00
YPMQ,2017-10-20 14:00,BKN,BKN,OVC,1000.00,1300.00,2100.00
YPMQ,2017-10-20 16:00,BKN,BKN,OVC,1200.00,1700.00,2900.00
YPMQ,2017-10-20 18:00,SCT,BKN,OVC,1100.00,1400.00,2200.00
YPMQ,2017-10-20 19:00,SCT,BKN,BKN,1500.00,3400.00,6600.00
YPMQ,2017-10-22 18:00,SCT,SCT,BKN,1700.00,2300.00,2900.00
YPMQ,2017-10-23 12:00,NCD,,,,,
YPMQ,2017-10-23 13:00,NCD,,,,,
YPMQ,2017-10-23 16:00,NCD,,,,,
YPMQ,2017-10-23 18:00,,,,,,
YPMQ,2017-10-24 16:00,NCD,,,,,
YPMQ,2017-10-24 17:00,NCD,,,,,
YPMQ,2017-10-24 18:00,NCD,,,,,
YPMQ,2017-10-27 11:00,BKN,,,1200.00,,
YPMQ,2017-10-27 14:00,NCD,,,,,
YPMQ,2017-10-27 16:00,NCD,,,,,
YPMQ,2017-10-27 18:00,NCD,,,,,
YPMQ,2017-10-27 19:00,NCD,,,,,
YPMQ,2017-10-29 18:00,BKN,,,100.00,,
YPMQ,2017-10-29 19:00,BKN,,,100.00,,
YPMQ,2017-10-30 17:00,SCT,,,4400.00,,
YPMQ,2017-10-31 04:00,NCD,,,,,
YPMQ,2017-11-01 17:00,NCD,,,,,
YPMQ,2017-11-02 19:00,NCD,,,,,
YPMQ,2017-11-04 05:00,SCT,BKN,BKN,700.00,1600.00,2400.00
YPMQ,2017-11-04 21:00,BKN,BKN,OVC,1500.00,4400.00,5000.00
YPMQ,2017-11-05 04:00,OVC,,,1500.00,,
YPMQ,2017-11-05 06:00,OVC,OVC,,1700.00,2400.00,
YPMQ,2017-11-06 07:00,SCT,BKN,BKN,1700.00,4300.00,8700.00
YPMQ,2017-11-07 05:00,SCT,BKN,,3300.00,8400.00,
YPMQ,2017-11-07 18:00,SCT,BKN,BKN,700.00,1400.00,2800.00
YPMQ,2017-11-11 14:00,SCT,SCT,BKN,1000.00,2600.00,3600.00
YPMQ,2017-11-13 07:00,SCT,SCT,OVC,1200.00,1800.00,2800.00
YPMQ,2017-11-13 08:00,SCT,BKN,BKN,1100.00,1900.00,2800.00
YPMQ,2017-11-13 09:00,SCT,BKN,BKN,1100.00,1600.00,2200.00
YPMQ,2017-11-13 11:00,SCT,BKN,BKN,600.00,1600.00,2600.00
YPMQ,2017-11-13 15:00,OVC,,,700.00,,
YPMQ,2017-11-13 19:00,NCD,,,,,
YPMQ,2017-11-14 01:00,SCT,SCT,,3800.00,4700.00,
YPMQ,2017-11-17 08:00,BKN,BKN,OVC,2600.00,3000.00,3700.00
YPMQ,2017-11-17 15:00,NCD,,,,,
YPMQ,2017-11-17 23:00,SCT,BKN,OVC,1000.00,2200.00,2800.00
YPMQ,2017-11-18 22:00,SCT,SCT,BKN,800.00,1400.00,2500.00
YPMQ,2017-11-18 23:00,BKN,BKN,OVC,1400.00,2100.00,2900.00
YPMQ,2017-11-19 13:00,SCT,SCT,BKN,500.00,1700.00,2800.00
YPMQ,2017-11-21 13:00,NCD,,,,,
YPMQ,2017-11-22 15:00,SCT,SCT,BKN,1200.00,1500.00,2700.00
YPMQ,2017-11-22 17:00,BKN,,,100.00,,
YPMQ,2017-11-22 18:00,OVC,,,200.00,,
YPMQ,2017-11-22 19:00,OVC,,,100.00,,
YPMQ,2017-11-22 20:00,OVC,,,100.00,,
YPMQ,2017-11-23 17:00,NCD,,,,,
YPMQ,2017-11-24 13:00,,,,,,
YPMQ,2017-11-24 17:00,NCD,,,,,
YPMQ,2017-11-24 18:00,NCD,,,,,
YPMQ,2017-11-25 15:00,NCD,,,,,
YPMQ,2017-11-25 16:00,NCD,,,,,
YPMQ,2017-11-25 17:00,,,,,,
YPMQ,2017-11-25 18:00,,,,,,
YPMQ,2017-11-25 19:00,NCD,,,,,
YPMQ,2017-11-27 16:00,OVC,,,10500.00,,
YPMQ,2017-11-27 18:00,OVC,,,100.00,,
YPMQ,2017-11-27 19:00,NCD,,,,,
YPMQ,2017-11-28 15:00,NCD,,,,,
YPMQ,2017-11-28 16:00,NCD,,,,,
YPMQ,2017-11-28 17:00,NCD,,,,,
YPMQ,2017-11-28 18:00,NCD,,,,,
YPMQ,2017-11-28 21:00,BKN,,,900.00,,
YPMQ,2017-11-28 23:00,BKN,BKN,BKN,1700.00,2400.00,4700.00
YPMQ,2017-11-29 14:00,SCT,,,1600.00,,
YPMQ,2017-11-29 15:00,SCT,BKN,BKN,1000.00,1400.00,3900.00
YPMQ,2017-11-29 19:00,SCT,SCT,,1800.00,2400.00,
YPMQ,2017-12-02 05:00,BKN,,,12500.00,,
YPMQ,2017-12-02 08:00,SCT,SCT,,5800.00,7600.00,
YPMQ,2017-12-02 11:00,OVC,,,1500.00,,
YPMQ,2017-12-02 12:00,BKN,OVC,,1500.00,7200.00,
YPMQ,2017-12-02 13:00,SCT,SCT,OVC,1700.00,7800.00,9500.00
YPMQ,2017-12-02 22:00,NCD,,,,,
YPMQ,2017-12-03 21:00,SCT,OVC,,800.00,1400.00,
YPMQ,2017-12-03 22:00,SCT,BKN,BKN,1200.00,6300.00,7700.00
YPMQ,2017-12-04 10:00,BKN,BKN,OVC,1300.00,2200.00,3300.00
YPMQ,2017-12-04 11:00,SCT,,,1300.00,,
YPMQ,2017-12-04 15:00,BKN,OVC,,1100.00,5400.00,
YPMQ,2017-12-04 17:00,OVC,OVC,,1500.00,11000.00,
YPMQ,2017-12-04 18:00,BKN,BKN,OVC,1000.00,2500.00,4200.00
YPMQ,2017-12-04 19:00,BKN,OVC,,600.00,10000.00,
YPMQ,2017-12-04 20:00,SCT,BKN,BKN,800.00,1300.00,2800.00
YPMQ,2017-12-05 17:00,,,,,,
YPMQ,2017-12-05 19:00,BKN,,,100.00,,
YPMQ,2017-12-05 20:00,BKN,,,100.00,,
YPMQ,2017-12-07 08:00,SCT,BKN,BKN,1100.00,1800.00,3800.00
YPMQ,2017-12-07 11:00,SCT,BKN,OVC,2800.00,3400.00,4200.00
YPMQ,2017-12-07 12:00,SCT,SCT,BKN,500.00,1000.00,1500.00
YPMQ,2017-12-07 13:00,SCT,SCT,BKN,1000.00,7600.00,9500.00
YPMQ,2017-12-07 14:00,SCT,,,7500.00,,
YPMQ,2017-12-07 15:00,NCD,,,,,
YPMQ,2017-12-07 16:00,NCD,,,,,
YPMQ,2017-12-07 17:00,NCD,,,,,
YPMQ,2017-12-08 13:00,BKN,,,1500.00,,
YPMQ,2017-12-08 22:00,BKN,BKN,OVC,1200.00,1900.00,2500.00
YPMQ,2017-12-08 23:00,BKN,OVC,OVC,1300.00,2600.00,5100.00
YPMQ,2017-12-10 14:00,NCD,,,,,
YPMQ,2017-12-10 19:00,NCD,,,,,
YPMQ,2017-12-11 15:00,NCD,,,,,
YPMQ,2017-12-11 16:00,NCD,,,,,
YPMQ,2017-12-11 18:00,NCD,,,,,
YPMQ,2017-12-11 19:00,NCD,,,,,
YPMQ,2017-12-12 19:00,NCD,,,,,
YPMQ,2017-12-20 12:00,BKN,OVC,,1300.00,1700.00,
YPMQ,2017-12-20 18:00,OVC,,,1300.00,,
YPMQ,2017-12-20 19:00,SCT,BKN,OVC,1300.00,1700.00,12000.00
YPMQ,2017-12-21 01:00,BKN,BKN,OVC,1500.00,2400.00,2900.00
YPMQ,2017-12-21 02:00,SCT,BKN,OVC,1300.00,1700.00,2400.00
YPMQ,2017-12-21 06:00,SCT,OVC,,700.00,1500.00,
YPMQ,2017-12-21 07:00,BKN,OVC,OVC,800.00,1000.00,1700.00
YPMQ,2017-12-21 08:00,OVC,,,1300.00,,
YPMQ,2017-12-21 09:00,BKN,BKN,OVC,1200.00,1700.00,2600.00
YPMQ,2017-12-21 10:00,BKN,BKN,BKN,800.00,4200.00,5700.00
YPMQ,2017-12-21 11:00,SCT,OVC,,500.00,1000.00,
YPMQ,2017-12-21 12:00,OVC,,,1000.00,,
YPMQ,2017-12-21 13:00,OVC,,,1200.00,,
YPMQ,2017-12-21 14:00,OVC,,,1200.00,,
YPMQ,2017-12-21 15:00,BKN,,,1400.00,,
YPMQ,2017-12-21 22:00,OVC,,,1500.00,,
YPMQ,2017-12-21 23:00,SCT,BKN,OVC,1000.00,1700.00,2200.00
YPMQ,2017-12-22 15:00,SCT,SCT,,2400.00,3100.00,
YPMQ,2017-12-22 16:00,NCD,,,,,
YPMQ,2017-12-22 18:00,,,,,,
YPMQ,2017-12-22 20:00,OVC,,,100.00,,
YPMQ,2017-12-23 17:00,NCD,,,,,
YPMQ,2017-12-23 18:00,OVC,,,100.00,,
YPMQ,2017-12-23 19:00,OVC,,,100.00,,
YPMQ,2017-12-23 20:00,OVC,,,100.00,,
YPMQ,2017-12-23 21:00,BKN,,,100.00,,
YPMQ,2017-12-24 10:00,SCT,BKN,BKN,400.00,1200.00,2000.00
YPMQ,2017-12-25 20:00,OVC,,,1200.00,,
YPMQ,2017-12-25 21:00,OVC,,,1400.00,,
YPMQ,2017-12-25 22:00,OVC,,,1200.00,,
YPMQ,2017-12-25 23:00,OVC,OVC,,900.00,1600.00,
YPMQ,2017-12-26 00:00,SCT,BKN,OVC,600.00,1400.00,2000.00
YPMQ,2017-12-26 01:00,SCT,BKN,OVC,300.00,1000.00,1600.00
YPMQ,2017-12-26 02:00,BKN,BKN,OVC,1700.00,2700.00,3200.00
YPMQ,2017-12-26 07:00,SCT,BKN,BKN,1400.00,2200.00,3800.00
YPMQ,2017-12-26 11:00,SCT,OVC,OVC,800.00,1300.00,2000.00
YPMQ,2017-12-26 12:00,SCT,SCT,BKN,600.00,1300.00,1900.00
YPMQ,2017-12-26 13:00,SCT,BKN,BKN,1000.00,1800.00,2600.00
YPMQ,2017-12-26 14:00,OVC,OVC,,600.00,900.00,
YPMQ,2017-12-26 20:00,SCT,BKN,OVC,900.00,1800.00,2400.00
YPMQ,2017-12-27 17:00,NCD,,,,,
YPMQ,2017-12-30 17:00,BKN,BKN,OVC,800.00,1200.00,1700.00
YPMQ,2017-12-30 18:00,BKN,BKN,BKN,800.00,1200.00,1700.00
YPMQ,2017-12-31 14:00,BKN,OVC,OVC,1400.00,1900.00,2500.00
YPMQ,2017-12-31 16:00,SCT,BKN,OVC,700.00,1300.00,3600.00
YPMQ,2017-12-31 17:00,SCT,BKN,OVC,900.00,1500.00,2200.00
YPMQ,2017-12-31 18:00,BKN,,,700.00,,
YPMQ,2018-01-01 10:00,BKN,BKN,BKN,1000.00,1400.00,1900.00
YPMQ,2018-01-01 13:00,,,,,,
YPMQ,2018-01-01 14:00,OVC,,,100.00,,
YPMQ,2018-01-01 15:00,BKN,,,100.00,,
YPMQ,2018-01-01 16:00,OVC,,,100.00,,
YPMQ,2018-01-01 17:00,OVC,,,100.00,,
YPMQ,2018-01-01 18:00,OVC,,,100.00,,
YPMQ,2018-01-01 19:00,OVC,,,200.00,,
YPMQ,2018-01-01 20:00,BKN,BKN,OVC,100.00,600.00,1200.00
YPMQ,2018-01-01 21:00,OVC,,,300.00,,
YPMQ,2018-01-01 22:00,BKN,BKN,OVC,600.00,1200.00,1700.00
YPMQ,2018-01-02 08:00,BKN,OVC,,1200.00,1600.00,
YPMQ,2018-01-02 09:00,SCT,BKN,BKN,800.00,1700.00,2900.00
YPMQ,2018-01-03 04:00,,,,,,
YPMQ,2018-01-09 13:00,SCT,SCT,BKN,1100.00,2700.00,5100.00
YPMQ,2018-01-10 08:00,BKN,BKN,OVC,1900.00,2800.00,3300.00
YPMQ,2018-01-10 10:00,SCT,SCT,OVC,600.00,1100.00,1900.00
YPMQ,2018-01-10 13:00,BKN,OVC,,2300.00,2700.00,
YPMQ,2018-01-10 14:00,BKN,OVC,,1800.00,2600.00,
YPMQ,2018-01-11 15:00,OVC,,,1500.00,,
YPMQ,2018-01-11 19:00,SCT,BKN,OVC,500.00,1300.00,3300.00
YPMQ,2018-01-13 23:00,BKN,BKN,,7700.00,9400.00,
YPMQ,2018-01-14 00:00,SCT,,,8500.00,,
YPMQ,2018-01-14 01:00,NCD,,,,,
YPMQ,2018-01-14 05:00,SCT,,,5900.00,,
YPMQ,2018-01-14 06:00,SCT,,,6700.00,,
YPMQ,2018-01-14 08:00,NCD,,,,,
YPMQ,2018-01-14 09:00,NCD,,,,,
YPMQ,2018-01-14 21:00,SCT,SCT,SCT,1200.00,1900.00,2600.00
YPMQ,2018-01-15 03:00,SCT,,,9800.00,,
YPMQ,2018-01-16 02:00,NCD,,,,,
YPMQ,2018-01-16 05:00,SCT,BKN,BKN,4200.00,4800.00,5600.00
YPMQ,2018-01-17 06:00,NCD,,,,,
YPMQ,2018-01-18 13:00,,,,,,
YPMQ,2018-01-18 14:00,,,,,,
YPMQ,2018-01-18 18:00,NCD,,,,,
YPMQ,2018-01-18 19:00,BKN,,,1500.00,,
YPMQ,2018-01-19 15:00,NCD,,,,,
YPMQ,2018-01-20 14:00,NCD,,,,,
YPMQ,2018-01-20 15:00,NCD,,,,,
YPMQ,2018-01-20 18:00,NCD,,,,,
YPMQ,2018-01-27 18:00,SCT,,,3400.00,,
YPMQ,2018-01-27 19:00,SCT,,,2400.00,,
YPMQ,2018-01-27 23:00,SCT,BKN,BKN,1600.00,2300.00,5200.00
YPMQ,2018-01-28 19:00,SCT,SCT,SCT,2300.00,2800.00,3700.00
YPMQ,2018-01-29 15:00,NCD,,,,,
YPMQ,2018-01-29 16:00,NCD,,,,,
YPMQ,2018-01-29 17:00,SCT,,,6300.00,,
YPMQ,2018-01-30 16:00,NCD,,,,,
YPMQ,2018-01-30 19:00,SCT,,,3200.00,,
YPMQ,2018-01-31 02:00,BKN,OVC,,1200.00,1800.00,
YPMQ,2018-02-01 20:00,BKN,BKN,OVC,1400.00,2100.00,3100.00
YPMQ,2018-02-03 09:00,SCT,BKN,BKN,1100.00,2500.00,5400.00
YPMQ,2018-02-05 17:00,NCD,,,,,
YPMQ,2018-02-06 15:00,NCD,,,,,
YPMQ,2018-02-11 17:00,OVC,,,1000.00,,
YPMQ,2018-02-11 19:00,BKN,,,3500.00,,
YPMQ,2018-02-12 21:00,OVC,OVC,,800.00,1100.00,
YPMQ,2018-02-12 22:00,SCT,BKN,BKN,800.00,1500.00,12500.00
YPMQ,2018-02-13 00:00,BKN,OVC,,1400.00,2000.00,
YPMQ,2018-02-13 13:00,SCT,BKN,,800.00,1100.00,
YPMQ,2018-02-13 14:00,SCT,BKN,BKN,900.00,1400.00,2200.00
YPMQ,2018-02-13 15:00,SCT,BKN,,700.00,1600.00,
YPMQ,2018-02-13 16:00,SCT,,,3200.00,,
YPMQ,2018-02-13 18:00,OVC,,,100.00,,
YPMQ,2018-02-13 19:00,OVC,,,100.00,,
YPMQ,2018-02-13 20:00,OVC,,,100.00,,
YPMQ,2018-02-13 21:00,SCT,BKN,,100.00,1200.00,
YPMQ,2018-02-14 14:00,NCD,,,,,
YPMQ,2018-02-15 09:00,SCT,BKN,,1700.00,2300.00,
YPMQ,2018-02-15 13:00,BKN,BKN,BKN,1500.00,2200.00,2700.00
YPMQ,2018-02-15 19:00,,,,,,
YPMQ,2018-02-18 13:00,NCD,,,,,
YPMQ,2018-02-18 14:00,BKN,,,2800.00,,
YPMQ,2018-02-18 16:00,NCD,,,,,
YPMQ,2018-02-18 17:00,NCD,,,,,
YPMQ,2018-02-18 18:00,,,,,,
YPMQ,2018-02-18 19:00,NCD,,,,,
YPMQ,2018-02-18 20:00,NCD,,,,,
YPMQ,2018-02-19 16:00,SCT,BKN,BKN,1800.00,4100.00,5000.00
YPMQ,2018-02-20 04:00,SCT,BKN,BKN,700.00,1500.00,1800.00
YPMQ,2018-02-20 05:00,SCT,BKN,BKN,1400.00,1700.00,2400.00
YPMQ,2018-02-20 07:00,SCT,SCT,BKN,800.00,1500.00,2100.00
YPMQ,2018-02-20 08:00,SCT,BKN,OVC,2300.00,2900.00,3700.00
YPMQ,2018-02-23 18:00,OVC,,,900.00,,
YPMQ,2018-02-23 21:00,BKN,,,900.00,,
YPMQ,2018-02-25 16:00,OVC,,,1400.00,,
YPMQ,2018-02-25 22:00,BKN,BKN,OVC,1500.00,2500.00,3000.00
YPMQ,2018-02-25 23:00,OVC,,,1400.00,,
YPMQ,2018-02-26 00:00,SCT,SCT,BKN,700.00,1200.00,2100.00
YPMQ,2018-02-26 01:00,SCT,OVC,OVC,900.00,1300.00,2200.00
YPMQ,2018-02-26 02:00,BKN,OVC,,900.00,1300.00,
YPMQ,2018-02-26 03:00,BKN,OVC,,900.00,1300.00,
YPMQ,2018-02-26 08:00,BKN,OVC,,1400.00,1800.00,
YPMQ,2018-02-26 09:00,SCT,OVC,,1000.00,1900.00,
YPMQ,2018-02-26 10:00,BKN,OVC,,1200.00,1800.00,
YPMQ,2018-02-26 22:00,SCT,OVC,,1200.00,2800.00,
YPMQ,2018-03-03 15:00,SCT,BKN,OVC,1300.00,1600.00,2100.00
YPMQ,2018-03-03 16:00,OVC,,,1500.00,,
YPMQ,2018-03-03 17:00,SCT,,,1500.00,,
YPMQ,2018-03-03 19:00,NCD,,,,,
YPMQ,2018-03-04 08:00,SCT,SCT,BKN,500.00,1300.00,2100.00
YPMQ,2018-03-05 10:00,SCT,BKN,BKN,2100.00,2900.00,5000.00
YPMQ,2018-03-05 11:00,SCT,BKN,BKN,2900.00,4500.00,6000.00
YPMQ,2018-03-05 20:00,BKN,BKN,OVC,1000.00,4200.00,11000.00
YPMQ,2018-03-06 09:00,SCT,BKN,BKN,800.00,1400.00,1700.00
YPMQ,2018-03-10 05:00,SCT,SCT,BKN,1700.00,2300.00,4700.00
YPMQ,2018-03-11 16:00,NCD,,,,,
YPMQ,2018-03-11 17:00,,,,,,
YPMQ,2018-03-14 15:00,NCD,,,,,
YPMQ,2018-03-14 18:00,SCT,SCT,,100.00,800.00,
YPMQ,2018-03-14 19:00,SCT,,,900.00,,
YPMQ,2018-03-18 19:00,SCT,,,200.00,,
YPMQ,2018-03-19 23:00,BKN,,,1500.00,,
YPMQ,2018-03-20 21:00,SCT,BKN,BKN,2200.00,3900.00,5200.00
YPMQ,2018-03-21 05:00,SCT,BKN,BKN,900.00,2000.00,2400.00
YPMQ,2018-03-21 06:00,BKN,BKN,OVC,2000.00,3600.00,5000.00
YPMQ,2018-03-21 08:00,SCT,OVC,OVC,500.00,1700.00,2400.00
YPMQ,2018-03-21 09:00,SCT,SCT,BKN,1000.00,2400.00,6000.00
YPMQ,2018-03-21 16:00,BKN,BKN,OVC,1400.00,2500.00,6200.00
YPMQ,2018-03-21 17:00,BKN,BKN,OVC,1400.00,2100.00,3100.00
YPMQ,2018-03-21 19:00,SCT,SCT,SCT,800.00,2500.00,3500.00
YPMQ,2018-03-22 04:00,SCT,BKN,BKN,1000.00,2100.00,3400.00
YPMQ,2018-03-22 05:00,SCT,BKN,BKN,1700.00,4800.00,5700.00
YPMQ,2018-03-22 06:00,SCT,BKN,BKN,800.00,2400.00,3800.00
YPMQ,2018-03-22 10:00,BKN,OVC,,2400.00,3100.00,
YPMQ,2018-03-22 12:00,SCT,SCT,BKN,900.00,1600.00,2400.00
YPMQ,2018-03-22 13:00,SCT,BKN,OVC,600.00,1200.00,1800.00
YPMQ,2018-03-22 20:00,SCT,BKN,BKN,800.00,1800.00,3200.00
YPMQ,2018-03-23 05:00,SCT,SCT,BKN,1100.00,2900.00,4800.00
YPMQ,2018-03-23 08:00,SCT,BKN,BKN,1000.00,2100.00,5200.00
YPMQ,2018-03-23 09:00,BKN,BKN,OVC,1400.00,10000.00,12000.00
YPMQ,2018-03-23 13:00,BKN,OVC,,900.00,1400.00,
YPMQ,2018-03-23 14:00,BKN,BKN,OVC,1300.00,2000.00,2500.00
YPMQ,2018-03-23 16:00,SCT,BKN,OVC,1600.00,2300.00,3000.00
YPMQ,2018-03-23 18:00,BKN,BKN,OVC,200.00,2500.00,3500.00
YPMQ,2018-03-23 20:00,BKN,OVC,,200.00,5900.00,
YPMQ,2018-03-23 21:00,OVC,,,200.00,,
YPMQ,2018-03-23 22:00,OVC,OVC,,300.00,3500.00,
YPMQ,2018-03-28 16:00,SCT,BKN,BKN,900.00,1400.00,3300.00
YPMQ,2018-03-28 17:00,,,,,,
YPMQ,2018-03-28 18:00,SCT,BKN,OVC,100.00,500.00,1000.00
YPMQ,2018-03-28 19:00,SCT,BKN,OVC,800.00,1500.00,2000.00
YPMQ,2018-03-28 20:00,,,,,,
YPMQ,2018-03-29 16:00,SCT,BKN,,300.00,800.00,
YPMQ,2018-03-29 17:00,OVC,,,100.00,,
YPMQ,2018-03-29 18:00,BKN,,,200.00,,
YPMQ,2018-03-29 19:00,NCD,,,,,
YPMQ,2018-03-29 20:00,SCT,,,400.00,,
YPMQ,2018-03-29 21:00,OVC,,,100.00,,
YPMQ,2018-03-29 22:00,OVC,,,100.00,,
YPMQ,2018-03-30 16:00,BKN,OVC,,600.00,1000.00,
YPMQ,2018-03-30 17:00,BKN,,,1000.00,,
YPMQ,2018-03-30 18:00,BKN,OVC,,1000.00,1300.00,
YPMQ,2018-03-31 13:00,NCD,,,,,
YPMQ,2018-03-31 16:00,OVC,,,500.00,,
YPMQ,2018-03-31 18:00,BKN,BKN,,300.00,600.00,
YPMQ,2018-03-31 19:00,SCT,SCT,,300.00,1000.00,
YPMQ,2018-03-31 20:00,SCT,BKN,OVC,200.00,600.00,1000.00
YPMQ,2018-03-31 21:00,OVC,,,100.00,,
YPMQ,2018-04-01 18:00,,,,,,
YPMQ,2018-04-01 19:00,OVC,,,100.00,,
YPMQ,2018-04-01 20:00,OVC,,,100.00,,
YPMQ,2018-04-01 21:00,BKN,,,100.00,,
YPMQ,2018-04-03 16:00,SCT,SCT,SCT,2500.00,3900.00,5400.00
YPMQ,2018-04-03 18:00,NCD,,,,,
YPMQ,2018-04-03 21:00,NCD,,,,,
YPMQ,2018-04-04 13:00,SCT,,,3700.00,,
YPMQ,2018-04-04 14:00,NCD,,,,,
YPMQ,2018-04-04 15:00,BKN,,,300.00,,
YPMQ,2018-04-04 16:00,SCT,,,3400.00,,
YPMQ,2018-04-04 18:00,,,,,,
YPMQ,2018-04-05 17:00,NCD,,,,,
YPMQ,2018-04-05 20:00,NCD,,,,,
YPMQ,2018-04-06 12:00,NCD,,,,,
YPMQ,2018-04-06 14:00,NCD,,,,,
YPMQ,2018-04-06 15:00,NCD,,,,,
YPMQ,2018-04-06 16:00,NCD,,,,,
YPMQ,2018-04-06 17:00,,,,,,
YPMQ,2018-04-07 13:00,NCD,,,,,
YPMQ,2018-04-07 14:00,NCD,,,,,
YPMQ,2018-04-07 19:00,BKN,,,200.00,,
YPMQ,2018-04-07 20:00,NCD,,,,,
YPMQ,2018-04-07 21:00,OVC,,,100.00,,
YPMQ,2018-04-07 22:00,BKN,,,100.00,,
YPMQ,2018-04-08 13:00,NCD,,,,,
YPMQ,2018-04-08 15:00,NCD,,,,,
YPMQ,2018-04-08 16:00,NCD,,,,,
YPMQ,2018-04-08 17:00,SCT,,,200.00,,
YPMQ,2018-04-08 19:00,OVC,,,100.00,,
YPMQ,2018-04-08 20:00,SCT,,,200.00,,
YPMQ,2018-04-09 11:00,NCD,,,,,
YPMQ,2018-04-10 21:00,BKN,,,4900.00,,
YPMQ,2018-04-10 22:00,SCT,,,4900.00,,
YPMQ,2018-04-10 23:00,,,,,,
YPMQ,2018-04-11 20:00,,,,,,
YPMQ,2018-04-11 21:00,NCD,,,,,
YPMQ,2018-04-11 22:00,NCD,,,,,
YPMQ,2018-04-11 23:00,NCD,,,,,
YPMQ,2018-04-12 00:00,NCD,,,,,
YPMQ,2018-04-12 02:00,NCD,,,,,
YPMQ,2018-04-12 18:00,,,,,,
YPMQ,2018-04-12 19:00,NCD,,,,,
YPMQ,2018-04-13 16:00,,,,,,
YPMQ,2018-04-14 03:00,NCD,,,,,
YPMQ,2018-04-15 09:00,NCD,,,,,
YPMQ,2018-04-15 10:00,NCD,,,,,
YPMQ,2018-04-15 12:00,NCD,,,,,
YPMQ,2018-04-15 14:00,NCD,,,,,
YPMQ,2018-04-15 15:00,NCD,,,,,
YPMQ,2018-04-15 17:00,NCD,,,,,
YPMQ,2018-04-15 18:00,NCD,,,,,
YPMQ,2018-04-16 08:00,NCD,,,,,
YPMQ,2018-04-16 09:00,NCD,,,,,
YPMQ,2018-04-16 10:00,NCD,,,,,
YPMQ,2018-04-16 11:00,NCD,,,,,
YPMQ,2018-04-16 12:00,NCD,,,,,
YPMQ,2018-04-16 13:00,NCD,,,,,
YPMQ,2018-04-16 14:00,NCD,,,,,
YPMQ,2018-04-16 15:00,NCD,,,,,
YPMQ,2018-04-16 16:00,NCD,,,,,
YPMQ,2018-04-16 17:00,NCD,,,,,
YPMQ,2018-04-18 17:00,NCD,,,,,
YPMQ,2018-04-18 19:00,BKN,,,800.00,,
YPMQ,2018-04-24 02:00,SCT,SCT,BKN,2300.00,3300.00,5200.00
YPMQ,2018-04-24 03:00,BKN,OVC,,800.00,1400.00,
YPMQ,2018-04-24 14:00,BKN,OVC,OVC,1700.00,2100.00,2600.00
YPMQ,2018-04-24 15:00,SCT,BKN,BKN,800.00,8100.00,11000.00
YPMQ,2018-04-24 19:00,SCT,SCT,OVC,3100.00,4300.00,5100.00
YPMQ,2018-04-24 20:00,SCT,BKN,BKN,1500.00,2100.00,2400.00
YPMQ,2018-04-24 21:00,SCT,BKN,OVC,2400.00,2900.00,3500.00
YPMQ,2018-04-24 23:00,SCT,BKN,OVC,2400.00,3400.00,4000.00
YPMQ,2018-04-25 13:00,SCT,,,5000.00,,
YPMQ,2018-04-25 15:00,NCD,,,,,
YPMQ,2018-04-25 18:00,BKN,,,200.00,,
YPMQ,2018-04-25 19:00,OVC,,,200.00,,
YPMQ,2018-04-25 20:00,OVC,,,200.00,,
YPMQ,2018-04-25 21:00,BKN,,,200.00,,
YPMQ,2018-04-26 15:00,BKN,BKN,OVC,6300.00,7400.00,9300.00
YPMQ,2018-04-27 20:00,SCT,SCT,SCT,1400.00,2500.00,3100.00
YPMQ,2018-04-28 10:00,BKN,BKN,OVC,3200.00,3900.00,4800.00
YPMQ,2018-04-29 12:00,SCT,SCT,OVC,2800.00,3900.00,6500.00
YPMQ,2018-05-02 13:00,SCT,,,700.00,,
YPMQ,2018-05-02 15:00,NCD,,,,,
YPMQ,2018-05-02 16:00,SCT,,,400.00,,
YPMQ,2018-05-02 20:00,NCD,,,,,
YPMQ,2018-05-03 15:00,NCD,,,,,
YPMQ,2018-05-03 16:00,NCD,,,,,
YPMQ,2018-05-03 18:00,OVC,,,100.00,,
YPMQ,2018-05-03 19:00,OVC,,,100.00,,
YPMQ,2018-05-07 14:00,,,,,,
YPMQ,2018-05-07 15:00,NCD,,,,,
YPMQ,2018-05-09 10:00,NCD,,,,,
YPMQ,2018-05-09 14:00,NCD,,,,,
YPMQ,2018-05-10 08:00,,,,,,
YPMQ,2018-05-10 09:00,,,,,,
YPMQ,2018-05-10 10:00,BKN,,,11500.00,,
YPMQ,2018-05-10 12:00,NCD,,,,,
YPMQ,2018-05-10 14:00,,,,,,
YPMQ,2018-05-10 15:00,,,,,,
YPMQ,2018-05-12 01:00,NCD,,,,,
YPMQ,2018-05-13 05:00,SCT,,,12500.00,,
YPMQ,2018-05-14 00:00,SCT,SCT,BKN,2700.00,3600.00,4900.00
YPMQ,2018-05-16 12:00,BKN,BKN,OVC,3600.00,4100.00,4900.00
YPMQ,2018-05-17 03:00,NCD,,,,,
YPMQ,2018-05-17 07:00,NCD,,,,,
YPMQ,2018-05-17 08:00,,,,,,
YPMQ,2018-05-17 09:00,,,,,,
YPMQ,2018-05-17 10:00,NCD,,,,,
YPMQ,2018-05-17 11:00,,,,,,
YPMQ,2018-05-17 12:00,,,,,,
YPMQ,2018-05-17 13:00,,,,,,
YPMQ,2018-05-17 14:00,,,,,,
YPMQ,2018-05-18 07:00,,,,,,
YPMQ,2018-05-18 08:00,,,,,,
YPMQ,2018-05-18 09:00,,,,,,
YPMQ,2018-05-18 10:00,NCD,,,,,
YPMQ,2018-05-18 12:00,,,,,,
YPMQ,2018-05-18 13:00,,,,,,
YPMQ,2018-05-18 14:00,,,,,,
YPMQ,2018-05-18 15:00,,,,,,
YPMQ,2018-05-23 11:00,,,,,,
YPMQ,2018-05-23 12:00,NCD,,,,,
YPMQ,2018-05-23 16:00,NCD,,,,,
YPMQ,2018-05-23 17:00,NCD,,,,,
YPMQ,2018-05-24 09:00,NCD,,,,,
YPMQ,2018-05-24 14:00,,,,,,
YPMQ,2018-05-24 15:00,,,,,,
YPMQ,2018-05-24 20:00,SCT,BKN,BKN,1000.00,1700.00,2100.00
YPMQ,2018-05-26 12:00,SCT,,,3800.00,,
YPMQ,2018-05-26 13:00,SCT,,,4200.00,,
YPMQ,2018-05-26 14:00,BKN,BKN,,4700.00,5600.00,
YPMQ,2018-05-26 17:00,NCD,,,,,
YPMQ,2018-05-26 18:00,NCD,,,,,
YPMQ,2018-05-28 14:00,NCD,,,,,
YPMQ,2018-05-28 15:00,SCT,,,5300.00,,
YPMQ,2018-05-28 19:00,,,,,,
YPMQ,2018-05-28 20:00,NCD,,,,,
YPMQ,2018-05-31 03:00,NCD,,,,,
YPMQ,2018-06-02 01:00,OVC,,,3700.00,,
YPMQ,2018-06-02 06:00,OVC,,,3500.00,,
YPMQ,2018-06-02 20:00,SCT,BKN,BKN,1600.00,2500.00,3900.00
YPMQ,2018-06-02 21:00,SCT,BKN,BKN,2100.00,2600.00,3200.00
YPMQ,2018-06-02 22:00,SCT,BKN,BKN,2400.00,2900.00,3600.00
YPMQ,2018-06-04 20:00,SCT,,,9400.00,,
YPMQ,2018-06-05 07:00,SCT,SCT,BKN,2900.00,4300.00,5500.00
YPMQ,2018-06-05 09:00,SCT,SCT,BKN,2700.00,3600.00,8200.00
YPMQ,2018-06-05 18:00,SCT,SCT,BKN,1800.00,2500.00,3700.00
YPMQ,2018-06-06 02:00,SCT,BKN,BKN,2300.00,3800.00,5500.00
YPMQ,2018-06-06 07:00,SCT,SCT,BKN,2100.00,3300.00,4100.00
YPMQ,2018-06-12 12:00,NCD,,,,,
YPMQ,2018-06-12 13:00,NCD,,,,,
YPMQ,2018-06-12 15:00,NCD,,,,,
YPMQ,2018-06-14 13:00,NCD,,,,,
YPMQ,2018-06-16 18:00,NCD,,,,,
YPMQ,2018-06-21 11:00,SCT,,,7600.00,,
YPMQ,2018-06-21 12:00,SCT,,,3400.00,,
YPMQ,2018-06-22 10:00,NCD,,,,,
YPMQ,2018-06-22 11:00,,,,,,
YPMQ,2018-06-22 12:00,NCD,,,,,
YPMQ,2018-06-23 10:00,NCD,,,,,
YPMQ,2018-06-23 12:00,NCD,,,,,
YPMQ,2018-06-24 16:00,NCD,,,,,
YPMQ,2018-06-27 03:00,SCT,BKN,BKN,1300.00,6300.00,8200.00
YPMQ,2018-06-27 11:00,NCD,,,,,
YPMQ,2018-06-28 12:00,NCD,,,,,
YPMQ,2018-06-28 13:00,NCD,,,,,
YPMQ,2018-06-28 15:00,NCD,,,,,
YPMQ,2018-06-28 16:00,NCD,,,,,
YPMQ,2018-06-28 17:00,OVC,,,100.00,,
YPMQ,2018-06-28 18:00,,,,,,
YPMQ,2018-06-28 19:00,NCD,,,,,
YPMQ,2018-06-28 20:00,,,,,,
YPMQ,2018-06-28 21:00,SCT,,,100.00,,
YPMQ,2018-06-29 10:00,,,,,,
YPMQ,2018-06-29 11:00,SCT,,,200.00,,
YPMQ,2018-06-29 12:00,NCD,,,,,
YPMQ,2018-07-01 11:00,OVC,,,1500.00,,
YPMQ,2018-07-01 13:00,OVC,,,1500.00,,
YPMQ,2018-07-01 15:00,BKN,OVC,,1100.00,1700.00,
YPMQ,2018-07-01 16:00,BKN,OVC,OVC,700.00,1600.00,2500.00
YPMQ,2018-07-01 17:00,BKN,OVC,,600.00,1000.00,
YPMQ,2018-07-01 21:00,SCT,SCT,BKN,1300.00,2100.00,2700.00
YPMQ,2018-07-02 00:00,SCT,OVC,OVC,600.00,1300.00,1900.00
YPMQ,2018-07-02 01:00,BKN,OVC,,600.00,1300.00,
YPMQ,2018-07-02 02:00,OVC,OVC,,600.00,1000.00,
YPMQ,2018-07-02 03:00,BKN,OVC,,800.00,1100.00,
YPMQ,2018-07-02 04:00,BKN,OVC,,500.00,1400.00,
YPMQ,2018-07-02 05:00,SCT,BKN,BKN,1000.00,1600.00,2200.00
YPMQ,2018-07-02 06:00,BKN,OVC,,1100.00,1900.00,
YPMQ,2018-07-02 07:00,BKN,OVC,,800.00,1300.00,
YPMQ,2018-07-02 08:00,BKN,OVC,,1300.00,1700.00,
YPMQ,2018-07-04 02:00,BKN,OVC,,1400.00,2000.00,
YPMQ,2018-07-04 03:00,BKN,OVC,,1200.00,1700.00,
YPMQ,2018-07-04 04:00,SCT,OVC,,600.00,1300.00,
YPMQ,2018-07-04 07:00,OVC,OVC,,700.00,1100.00,
YPMQ,2018-07-04 08:00,SCT,SCT,OVC,600.00,2600.00,3600.00
YPMQ,2018-07-04 09:00,SCT,SCT,BKN,2300.00,3800.00,5700.00
YPMQ,2018-07-04 10:00,BKN,BKN,OVC,1300.00,3100.00,3500.00
YPMQ,2018-07-04 11:00,SCT,SCT,BKN,1000.00,1500.00,2800.00
YPMQ,2018-07-04 12:00,BKN,BKN,OVC,1100.00,1700.00,2200.00
YPMQ,2018-07-04 13:00,OVC,OVC,,100.00,1300.00,
YPMQ,2018-07-04 14:00,SCT,SCT,BKN,200.00,1200.00,1600.00
YPMQ,2018-07-04 15:00,OVC,,,100.00,,
YPMQ,2018-07-04 16:00,OVC,,,100.00,,
YPMQ,2018-07-04 17:00,OVC,,,200.00,,
YPMQ,2018-07-04 18:00,OVC,,,100.00,,
YPMQ,2018-07-04 19:00,OVC,,,100.00,,
YPMQ,2018-07-04 20:00,OVC,,,100.00,,
YPMQ,2018-07-04 21:00,OVC,,,100.00,,
YPMQ,2018-07-04 22:00,OVC,,,100.00,,
YPMQ,2018-07-05 14:00,BKN,,,600.00,,
YPMQ,2018-07-05 15:00,BKN,,,600.00,,
YPMQ,2018-07-05 16:00,BKN,,,1000.00,,
YPMQ,2018-07-06 18:00,NCD,,,,,
YPMQ,2018-07-06 19:00,NCD,,,,,
YPMQ,2018-07-06 20:00,,,,,,
YPMQ,2018-07-06 21:00,,,,,,
YPMQ,2018-07-11 10:00,SCT,,,10000.00,,
YPMQ,2018-07-11 12:00,NCD,,,,,
YPMQ,2018-07-15 11:00,,,,,,
YPMQ,2018-07-20 05:00,SCT,,,11000.00,,
YPMQ,2018-07-25 13:00,NCD,,,,,
YPMQ,2018-07-27 11:00,NCD,,,,,
YPMQ,2018-07-28 09:00,NCD,,,,,
YPMQ,2018-07-28 10:00,BKN,,,400.00,,
YPMQ,2018-07-28 11:00,BKN,,,11000.00,,
YPMQ,2018-07-28 12:00,OVC,,,500.00,,
YPMQ,2018-07-28 14:00,SCT,,,12500.00,,
YPMQ,2018-07-28 15:00,OVC,,,200.00,,
YPMQ,2018-07-28 16:00,BKN,,,400.00,,
YPMQ,2018-07-28 17:00,NCD,,,,,
YPMQ,2018-07-28 21:00,OVC,,,12500.00,,
YPMQ,2018-07-30 16:00,NCD,,,,,
YPMQ,2018-08-02 10:00,NCD,,,,,
YPMQ,2018-08-02 18:00,SCT,SCT,,600.00,6000.00,
YPMQ,2018-08-03 20:00,NCD,,,,,
YPMQ,2018-08-04 14:00,NCD,,,,,
YPMQ,2018-08-05 13:00,OVC,,,1400.00,,
YPMQ,2018-08-05 14:00,BKN,,,1200.00,,
YPMQ,2018-08-05 15:00,SCT,,,800.00,,
YPMQ,2018-08-05 16:00,SCT,,,900.00,,
YPMQ,2018-08-05 17:00,NCD,,,,,
YPMQ,2018-08-10 17:00,,,,,,
YPMQ,2018-08-12 02:00,NCD,,,,,
YPMQ,2018-08-12 03:00,BKN,,,9700.00,,
YPMQ,2018-08-19 06:00,NCD,,,,,
YPMQ,2018-08-20 01:00,SCT,,,5900.00,,
YPMQ,2018-08-20 02:00,NCD,,,,,
YPMQ,2018-08-23 17:00,,,,,,
YPMQ,2018-08-24 19:00,SCT,,,3400.00,,
YPMQ,2018-08-24 20:00,NCD,,,,,
YPMQ,2018-08-24 21:00,NCD,,,,,
YPMQ,2018-08-25 14:00,NCD,,,,,
YPMQ,2018-08-31 10:00,NCD,,,,,
YPMQ,2018-08-31 11:00,SCT,,,200.00,,
YPMQ,2018-08-31 12:00,SCT,,,100.00,,
YPMQ,2018-08-31 13:00,,,,,,
YPMQ,2018-08-31 14:00,NCD,,,,,
YPMQ,2018-09-01 13:00,NCD,,,,,
YPMQ,2018-09-01 17:00,NCD,,,,,
YPMQ,2018-09-02 12:00,SCT,SCT,OVC,2200.00,2900.00,3500.00
YPMQ,2018-09-03 18:00,NCD,,,,,
YPMQ,2018-09-05 14:00,SCT,BKN,BKN,2700.00,3500.00,4400.00
YPMQ,2018-09-05 18:00,SCT,SCT,BKN,600.00,2500.00,3600.00
YPMQ,2018-09-07 13:00,SCT,,,10000.00,,
YPMQ,2018-09-08 18:00,SCT,,,5400.00,,
YPMQ,2018-09-12 14:00,NCD,,,,,
YPMQ,2018-09-12 17:00,SCT,,,1000.00,,
YPMQ,2018-09-12 18:00,SCT,,,1000.00,,
YPMQ,2018-09-12 20:00,NCD,,,,,
YPMQ,2018-09-13 11:00,NCD,,,,,
YPMQ,2018-09-13 13:00,SCT,,,1300.00,,
YPMQ,2018-09-13 14:00,BKN,OVC,OVC,200.00,600.00,1100.00
YPMQ,2018-09-13 15:00,SCT,,,1200.00,,
YPMQ,2018-09-13 16:00,SCT,BKN,BKN,200.00,600.00,1000.00
YPMQ,2018-09-13 17:00,OVC,,,100.00,,
YPMQ,2018-09-13 18:00,OVC,OVC,,200.00,500.00,
YPMQ,2018-09-13 19:00,OVC,,,100.00,,
YPMQ,2018-09-13 20:00,OVC,,,100.00,,
YPMQ,2018-09-13 21:00,OVC,,,100.00,,
YPMQ,2018-09-13 22:00,SCT,,,200.00,,
YPMQ,2018-09-14 21:00,BKN,,,100.00,,
YPMQ,2018-09-15 16:00,OVC,,,2500.00,,
YPMQ,2018-09-15 19:00,NCD,,,,,
YPMQ,2018-09-16 05:00,NCD,,,,,
YPMQ,2018-09-16 06:00,NCD,,,,,
YPMQ,2018-09-21 17:00,NCD,,,,,
YPMQ,2018-09-22 17:00,NCD,,,,,
YPMQ,2018-09-22 18:00,NCD,,,,,
YPMQ,2018-09-22 19:00,NCD,,,,,
YPMQ,2018-09-23 19:00,SCT,SCT,BKN,1100.00,2200.00,3400.00
YPMQ,2018-09-24 00:00,SCT,BKN,BKN,1400.00,2300.00,2900.00
YPMQ,2018-09-25 16:00,SCT,,,9200.00,,
YPMQ,2018-09-25 18:00,SCT,,,300.00,,
YPMQ,2018-10-01 14:00,NCD,,,,,
YPMQ,2018-10-02 17:00,NCD,,,,,
YPMQ,2018-10-03 19:00,BKN,,,1100.00,,
YPMQ,2018-10-04 13:00,OVC,,,1400.00,,
YPMQ,2018-10-04 16:00,BKN,OVC,,200.00,1900.00,
YPMQ,2018-10-05 13:00,OVC,,,1500.00,,
YPMQ,2018-10-05 14:00,OVC,,,1100.00,,
YPMQ,2018-10-05 15:00,BKN,OVC,,1100.00,1600.00,
YPMQ,2018-10-05 17:00,OVC,,,1500.00,,
YPMQ,2018-10-05 19:00,BKN,BKN,OVC,1300.00,1800.00,2400.00
YPMQ,2018-10-05 20:00,BKN,OVC,,1100.00,1900.00,
YPMQ,2018-10-05 22:00,BKN,BKN,OVC,1200.00,1600.00,2000.00
YPMQ,2018-10-06 01:00,SCT,BKN,OVC,1300.00,1700.00,2100.00
YPMQ,2018-10-06 02:00,SCT,BKN,OVC,1200.00,2000.00,2700.00
YPMQ,2018-10-08 13:00,BKN,,,11000.00,,
YPMQ,2018-10-08 16:00,BKN,,,1700.00,,
YPMQ,2018-10-08 17:00,OVC,,,100.00,,
YPMQ,2018-10-08 18:00,OVC,,,100.00,,
YPMQ,2018-10-08 19:00,OVC,,,200.00,,
YPMQ,2018-10-08 20:00,OVC,,,100.00,,
YPMQ,2018-10-08 21:00,OVC,,,100.00,,
YPMQ,2018-10-08 22:00,OVC,,,300.00,,
YPMQ,2018-10-09 15:00,BKN,,,1400.00,,
YPMQ,2018-10-09 17:00,OVC,,,1400.00,,
YPMQ,2018-10-10 03:00,SCT,BKN,BKN,1500.00,2500.00,3900.00
YPMQ,2018-10-10 05:00,BKN,BKN,BKN,1300.00,2500.00,3100.00
YPMQ,2018-10-10 07:00,BKN,BKN,BKN,1100.00,2900.00,4800.00
YPMQ,2018-10-10 09:00,SCT,BKN,OVC,1300.00,1700.00,2500.00
YPMQ,2018-10-10 10:00,SCT,BKN,BKN,1300.00,2000.00,2800.00
YPMQ,2018-10-10 11:00,BKN,BKN,OVC,800.00,1600.00,2400.00
YPMQ,2018-10-12 06:00,SCT,SCT,BKN,3000.00,3600.00,4300.00
YPMQ,2018-10-12 20:00,SCT,BKN,OVC,3000.00,3800.00,4400.00
YPMQ,2018-10-12 21:00,SCT,BKN,BKN,1600.00,2200.00,3200.00
YPMQ,2018-10-14 17:00,BKN,BKN,OVC,800.00,2200.00,7000.00
YPMQ,2018-10-14 19:00,SCT,SCT,BKN,600.00,1500.00,3100.00
YPMQ,2018-10-14 23:00,SCT,BKN,BKN,1300.00,2100.00,2900.00
YPMQ,2018-10-15 00:00,SCT,BKN,BKN,2700.00,3400.00,4000.00
YPMQ,2018-10-15 01:00,BKN,BKN,BKN,1400.00,2000.00,2900.00
YPMQ,2018-10-15 08:00,SCT,BKN,BKN,1300.00,1900.00,2800.00
YPMQ,2018-10-15 11:00,SCT,SCT,OVC,1400.00,1700.00,2200.00
YPMQ,2018-10-16 10:00,SCT,SCT,BKN,900.00,1100.00,1500.00
YPMQ,2018-10-16 11:00,BKN,OVC,,1200.00,1900.00,
YPMQ,2018-10-16 12:00,SCT,OVC,,1100.00,2000.00,
YPMQ,2018-10-16 13:00,BKN,OVC,,1200.00,1700.00,
YPMQ,2018-10-16 14:00,SCT,SCT,BKN,600.00,1000.00,1400.00
YPMQ,2018-10-16 15:00,BKN,OVC,,600.00,1100.00,
YPMQ,2018-10-16 16:00,SCT,OVC,OVC,700.00,1000.00,2200.00
YPMQ,2018-10-16 17:00,BKN,BKN,OVC,1300.00,2000.00,2600.00
YPMQ,2018-10-16 18:00,SCT,BKN,BKN,600.00,1200.00,2100.00
YPMQ,2018-10-16 19:00,BKN,BKN,OVC,600.00,1000.00,3400.00
YPMQ,2018-10-16 20:00,SCT,BKN,BKN,500.00,1000.00,2000.00
YPMQ,2018-10-16 22:00,OVC,,,1100.00,,
YPMQ,2018-10-17 13:00,BKN,BKN,OVC,1300.00,3600.00,11500.00
YPMQ,2018-10-17 15:00,BKN,BKN,OVC,1100.00,2200.00,10000.00
YPMQ,2018-10-17 16:00,SCT,BKN,BKN,900.00,1400.00,3100.00
YPMQ,2018-10-17 18:00,BKN,BKN,,1200.00,2700.00,
YPMQ,2018-10-17 19:00,SCT,SCT,BKN,1200.00,1700.00,2300.00
YPMQ,2018-10-18 02:00,BKN,BKN,OVC,1400.00,2100.00,4400.00
YPMQ,2018-10-18 12:00,OVC,,,800.00,,
YPMQ,2018-10-18 13:00,SCT,,,800.00,,
YPMQ,2018-10-20 12:00,BKN,BKN,OVC,1700.00,2400.00,3200.00
YPMQ,2018-10-20 14:00,SCT,SCT,OVC,1000.00,9700.00,11500.00
YPMQ,2018-10-20 16:00,OVC,,,200.00,,
YPMQ,2018-10-20 17:00,SCT,SCT,BKN,100.00,7800.00,11000.00
YPMQ,2018-10-20 20:00,BKN,OVC,,400.00,8400.00,
YPMQ,2018-10-20 21:00,SCT,OVC,,300.00,10000.00,
YPMQ,2018-10-21 02:00,BKN,,,1000.00,,
YPMQ,2018-10-21 07:00,OVC,OVC,,1400.00,6000.00,
YPMQ,2018-10-21 08:00,BKN,OVC,,1400.00,6200.00,
YPMQ,2018-10-21 09:00,OVC,,,1400.00,,
YPMQ,2018-10-21 10:00,BKN,OVC,,1200.00,10500.00,
YPMQ,2018-10-21 13:00,OVC,,,1500.00,,
YPMQ,2018-10-21 14:00,OVC,OVC,,1500.00,2600.00,
YPMQ,2018-10-21 15:00,SCT,BKN,BKN,1500.00,2600.00,4200.00
YPMQ,2018-10-22 13:00,NCD,,,,,
YPMQ,2018-10-22 14:00,SCT,,,600.00,,
YPMQ,2018-10-22 15:00,BKN,,,300.00,,
YPMQ,2018-10-22 16:00,OVC,,,100.00,,
YPMQ,2018-10-22 17:00,OVC,,,100.00,,
YPMQ,2018-10-22 18:00,OVC,,,100.00,,
YPMQ,2018-10-22 19:00,OVC,OVC,,100.00,500.00,
YPMQ,2018-10-22 20:00,OVC,OVC,,100.00,500.00,
YPMQ,2018-10-23 15:00,SCT,,,500.00,,
YPMQ,2018-10-23 16:00,OVC,,,100.00,,
YPMQ,2018-10-23 17:00,BKN,OVC,,100.00,600.00,
YPMQ,2018-10-23 18:00,OVC,,,100.00,,
YPMQ,2018-10-23 19:00,OVC,,,100.00,,
YPMQ,2018-10-30 17:00,NCD,,,,,
YPMQ,2018-10-30 18:00,,,,,,
YPMQ,2018-10-30 19:00,BKN,,,100.00,,
YPMQ,2018-10-31 11:00,NCD,,,,,
YPMQ,2018-10-31 14:00,SCT,,,500.00,,
YPMQ,2018-10-31 15:00,OVC,OVC,,100.00,600.00,
YPMQ,2018-10-31 17:00,SCT,,,400.00,,
YPMQ,2018-10-31 18:00,SCT,,,500.00,,
YPMQ,2018-10-31 19:00,NCD,,,,,
YPMQ,2018-11-03 17:00,BKN,BKN,OVC,1500.00,2200.00,3100.00
YPMQ,2018-11-03 22:00,OVC,,,1400.00,,
YPMQ,2018-11-03 23:00,BKN,OVC,OVC,1400.00,2200.00,2900.00
YPMQ,2018-11-04 03:00,BKN,OVC,,1500.00,2600.00,
YPMQ,2018-11-04 04:00,BKN,OVC,,1500.00,2000.00,
YPMQ,2018-11-04 05:00,BKN,BKN,BKN,1500.00,2800.00,3200.00
YPMQ,2018-11-04 06:00,SCT,OVC,,1300.00,4300.00,
YPMQ,2018-11-04 17:00,,,,,,
YPMQ,2018-11-04 18:00,BKN,,,800.00,,
YPMQ,2018-11-04 19:00,SCT,,,1100.00,,
YPMQ,2018-11-04 20:00,BKN,,,600.00,,
YPMQ,2018-11-05 08:00,BKN,,,1300.00,,
YPMQ,2018-11-05 15:00,NCD,,,,,
YPMQ,2018-11-05 16:00,OVC,,,100.00,,
YPMQ,2018-11-05 17:00,OVC,,,200.00,,
YPMQ,2018-11-05 18:00,BKN,,,200.00,,
YPMQ,2018-11-06 19:00,OVC,,,1000.00,,
YPMQ,2018-11-06 20:00,BKN,,,1200.00,,
YPMQ,2018-11-06 21:00,BKN,,,1000.00,,
YPMQ,2018-11-07 18:00,BKN,BKN,OVC,3500.00,4100.00,4800.00
YPMQ,2018-11-11 14:00,NCD,,,,,
YPMQ,2018-11-12 16:00,NCD,,,,,
YPMQ,2018-11-15 12:00,BKN,OVC,,1500.00,2100.00,
YPMQ,2018-11-15 13:00,OVC,,,1500.00,,
YPMQ,2018-11-15 14:00,BKN,,,1300.00,,
YPMQ,2018-11-15 15:00,BKN,OVC,,1300.00,1700.00,
YPMQ,2018-11-15 16:00,OVC,,,1100.00,,
YPMQ,2018-11-15 17:00,OVC,,,1100.00,,
YPMQ,2018-11-15 18:00,OVC,,,1100.00,,
YPMQ,2018-11-15 19:00,OVC,OVC,,1300.00,1600.00,
YPMQ,2018-11-15 20:00,OVC,,,1300.00,,
YPMQ,2018-11-15 22:00,BKN,OVC,,1100.00,4800.00,
YPMQ,2018-11-15 23:00,OVC,OVC,,1300.00,7200.00,
YPMQ,2018-11-16 00:00,OVC,,,1500.00,,
YPMQ,2018-11-16 08:00,OVC,,,900.00,,
YPMQ,2018-11-17 08:00,SCT,BKN,BKN,1900.00,2500.00,5700.00
YPMQ,2018-11-17 09:00,SCT,SCT,BKN,900.00,1500.00,2200.00
YPMQ,2018-11-17 20:00,SCT,BKN,OVC,400.00,1700.00,2400.00
YPMQ,2018-11-17 21:00,BKN,BKN,,600.00,8500.00,
YPMQ,2018-11-18 00:00,BKN,BKN,OVC,1500.00,2100.00,2900.00
YPMQ,2018-11-19 17:00,NCD,,,,,
YPMQ,2018-11-21 05:00,BKN,BKN,OVC,6000.00,7300.00,8600.00
YPMQ,2018-11-22 05:00,NCD,,,,,
YPMQ,2018-11-26 03:00,SCT,,,6500.00,,
YPMQ,2018-11-26 06:00,NCD,,,,,
YPMQ,2018-11-27 16:00,BKN,OVC,OVC,1400.00,2300.00,3000.00
YPMQ,2018-11-27 18:00,BKN,BKN,OVC,1300.00,2100.00,2600.00
YPMQ,2018-11-27 20:00,BKN,OVC,,1100.00,1800.00,
YPMQ,2018-11-27 21:00,BKN,,,1300.00,,
YPMQ,2018-11-28 23:00,SCT,BKN,,3400.00,5500.00,
YPMQ,2018-11-29 00:00,BKN,BKN,,3600.00,5800.00,
YPMQ,2018-11-29 02:00,BKN,OVC,OVC,4200.00,4900.00,5600.00
YPMQ,2018-11-29 06:00,SCT,,,3500.00,,
YPMQ,2018-11-30 18:00,SCT,,,900.00,,
YPMQ,2018-11-30 19:00,BKN,,,100.00,,
YPMQ,2018-12-01 18:00,NCD,,,,,
YPMQ,2018-12-02 11:00,NCD,,,,,
YPMQ,2018-12-02 12:00,NCD,,,,,
YPMQ,2018-12-03 19:00,,,,,,
YPMQ,2018-12-07 18:00,NCD,,,,,
YPMQ,2018-12-10 15:00,NCD,,,,,
YPMQ,2018-12-11 15:00,BKN,BKN,BKN,1300.00,3300.00,6100.00
YPMQ,2018-12-14 05:00,NCD,,,,,
YPMQ,2018-12-14 06:00,BKN,,,1400.00,,
YPMQ,2018-12-14 07:00,BKN,,,1400.00,,
YPMQ,2018-12-14 09:00,BKN,OVC,,1500.00,9200.00,
YPMQ,2018-12-14 10:00,OVC,,,1500.00,,
YPMQ,2018-12-14 11:00,OVC,OVC,,1200.00,1800.00,
YPMQ,2018-12-14 12:00,OVC,,,1200.00,,
YPMQ,2018-12-14 13:00,SCT,OVC,,1200.00,1900.00,
YPMQ,2018-12-14 14:00,OVC,,,1400.00,,
YPMQ,2018-12-14 15:00,OVC,,,1200.00,,
YPMQ,2018-12-14 16:00,OVC,,,1200.00,,
YPMQ,2018-12-14 17:00,OVC,,,1200.00,,
YPMQ,2018-12-14 18:00,OVC,,,1200.00,,
YPMQ,2018-12-14 19:00,BKN,BKN,BKN,1400.00,1700.00,2500.00
YPMQ,2018-12-14 20:00,OVC,,,1000.00,,
YPMQ,2018-12-14 21:00,BKN,BKN,,1400.00,1800.00,
YPMQ,2018-12-15 03:00,BKN,OVC,,1600.00,2000.00,
YPMQ,2018-12-15 04:00,OVC,,,1600.00,,
YPMQ,2018-12-15 06:00,OVC,,,1600.00,,
YPMQ,2018-12-15 07:00,OVC,,,1400.00,,
YPMQ,2018-12-15 08:00,OVC,,,1400.00,,
YPMQ,2018-12-15 09:00,BKN,BKN,OVC,1400.00,2000.00,2700.00
YPMQ,2018-12-15 10:00,SCT,OVC,,1600.00,2400.00,
YPMQ,2018-12-15 12:00,OVC,,,1700.00,,
YPMQ,2018-12-15 15:00,SCT,,,1500.00,,
YPMQ,2018-12-15 16:00,OVC,,,1300.00,,
YPMQ,2018-12-15 17:00,OVC,,,1300.00,,
YPMQ,2018-12-15 18:00,OVC,,,1300.00,,
YPMQ,2018-12-15 19:00,BKN,,,1500.00,,
YPMQ,2018-12-15 20:00,OVC,,,1500.00,,
YPMQ,2018-12-15 22:00,OVC,,,1300.00,,
YPMQ,2018-12-15 23:00,OVC,,,1500.00,,
YPMQ,2018-12-16 00:00,OVC,,,1500.00,,
YPMQ,2018-12-16 01:00,SCT,SCT,BKN,600.00,2600.00,5100.00
YPMQ,2018-12-16 02:00,SCT,OVC,,800.00,1100.00,
YPMQ,2018-12-16 03:00,SCT,BKN,OVC,700.00,900.00,2300.00
YPMQ,2018-12-16 04:00,BKN,OVC,,800.00,3000.00,
YPMQ,2018-12-16 05:00,OVC,OVC,,600.00,1000.00,
YPMQ,2018-12-16 06:00,BKN,OVC,,800.00,1000.00,
YPMQ,2018-12-16 07:00,OVC,,,800.00,,
YPMQ,2018-12-16 08:00,BKN,OVC,,1000.00,2700.00,
YPMQ,2018-12-16 12:00,BKN,BKN,BKN,1000.00,1500.00,2500.00
YPMQ,2018-12-16 13:00,SCT,BKN,OVC,1000.00,1700.00,2100.00
YPMQ,2018-12-17 11:00,BKN,,,1500.00,,
YPMQ,2018-12-18 19:00,OVC,,,1400.00,,
YPMQ,2018-12-18 20:00,OVC,,,1400.00,,
YPMQ,2018-12-18 21:00,OVC,,,800.00,,
YPMQ,2018-12-18 22:00,OVC,,,1200.00,,
YPMQ,2018-12-18 23:00,BKN,,,1600.00,,
YPMQ,2018-12-19 20:00,OVC,,,100.00,,
YPMQ,2018-12-20 10:00,SCT,SCT,BKN,1500.00,4600.00,7300.00
YPMQ,2018-12-22 03:00,SCT,,,7600.00,,
YPMQ,2018-12-22 05:00,NCD,,,,,
YPMQ,2018-12-22 07:00,NCD,,,,,
YPMQ,2018-12-22 08:00,NCD,,,,,
YPMQ,2018-12-24 17:00,NCD,,,,,
YPMQ,2018-12-28 06:00,NCD,,,,,
YPMQ,2019-01-04 06:00,NCD,,,,,
YPMQ,2019-01-06 08:00,SCT,OVC,,1100.00,1800.00,
YPMQ,2019-01-06 10:00,OVC,,,1000.00,,
YPMQ,2019-01-06 11:00,BKN,OVC,,1200.00,5800.00,
YPMQ,2019-01-06 12:00,BKN,OVC,OVC,1400.00,1900.00,2300.00
YPMQ,2019-01-06 13:00,OVC,,,1400.00,,
YPMQ,2019-01-06 14:00,OVC,,,1200.00,,
YPMQ,2019-01-06 17:00,OVC,,,1100.00,,
YPMQ,2019-01-06 18:00,BKN,OVC,,1100.00,5100.00,
YPMQ,2019-01-06 21:00,SCT,BKN,BKN,800.00,1400.00,2000.00
YPMQ,2019-01-06 22:00,BKN,BKN,OVC,800.00,4800.00,7400.00
YPMQ,2019-01-06 23:00,BKN,OVC,,1000.00,4900.00,
YPMQ,2019-01-10 17:00,NCD,,,,,
YPMQ,2019-01-10 19:00,SCT,SCT,,2400.00,2800.00,
YPMQ,2019-01-12 16:00,NCD,,,,,
YPMQ,2019-01-13 14:00,NCD,,,,,
YPMQ,2019-01-13 15:00,NCD,,,,,
YPMQ,2019-01-19 06:00,OVC,,,900.00,,
YPMQ,2019-01-19 14:00,OVC,,,1400.00,,
YPMQ,2019-01-19 15:00,OVC,,,1400.00,,
YPMQ,2019-01-19 16:00,OVC,,,1400.00,,
YPMQ,2019-01-19 17:00,OVC,,,1200.00,,
YPMQ,2019-01-19 18:00,OVC,,,1000.00,,
YPMQ,2019-01-19 19:00,OVC,,,1000.00,,
YPMQ,2019-01-19 20:00,OVC,,,1400.00,,
YPMQ,2019-01-19 21:00,OVC,,,1200.00,,
YPMQ,2019-01-19 22:00,OVC,,,1200.00,,
YPMQ,2019-01-19 23:00,BKN,OVC,,1400.00,2000.00,
YPMQ,2019-01-20 09:00,BKN,,,1000.00,,
YPMQ,2019-01-20 10:00,BKN,,,1000.00,,
YPMQ,2019-01-20 11:00,OVC,,,1200.00,,
YPMQ,2019-01-20 14:00,SCT,BKN,OVC,900.00,2500.00,4400.00
YPMQ,2019-01-20 16:00,BKN,BKN,OVC,700.00,1500.00,1800.00
YPMQ,2019-01-21 06:00,BKN,OVC,,600.00,1800.00,
YPMQ,2019-01-22 00:00,BKN,OVC,,1500.00,9500.00,
YPMQ,2019-01-22 11:00,BKN,,,1000.00,,
YPMQ,2019-01-22 19:00,BKN,,,100.00,,
YPMQ,2019-01-22 20:00,OVC,,,100.00,,
YPMQ,2019-01-22 21:00,BKN,,,400.00,,
YPMQ,2019-01-23 20:00,OVC,,,1500.00,,
YPMQ,2019-01-24 12:00,SCT,BKN,,1500.00,2100.00,
YPMQ,2019-01-24 15:00,SCT,,,2300.00,,
YPMQ,2019-01-24 17:00,NCD,,,,,
YPMQ,2019-01-24 18:00,OVC,,,100.00,,
YPMQ,2019-01-24 19:00,OVC,,,100.00,,
YPMQ,2019-01-24 20:00,OVC,,,200.00,,
YPMQ,2019-01-24 21:00,OVC,,,200.00,,
YPMQ,2019-01-24 22:00,SCT,SCT,SCT,800.00,1500.00,2000.00
YPMQ,2019-01-28 06:00,NCD,,,,,
YPMQ,2019-01-30 06:00,NCD,,,,,
YPMQ,2019-01-31 21:00,OVC,,,1500.00,,
YPMQ,2019-01-31 22:00,OVC,,,1300.00,,
YPMQ,2019-01-31 23:00,OVC,,,1300.00,,
YPMQ,2019-02-01 05:00,BKN,BKN,OVC,1800.00,2900.00,3500.00
YPMQ,2019-02-02 17:00,SCT,BKN,,2700.00,5600.00,
YPMQ,2019-02-02 19:00,SCT,,,500.00,,
YPMQ,2019-02-08 14:00,NCD,,,,,
YPMQ,2019-02-11 19:00,NCD,,,,,
YPMQ,2019-02-11 20:00,SCT,,,1100.00,,
YPMQ,2019-02-12 04:00,NCD,,,,,
YPMQ,2019-02-13 10:00,SCT,SCT,OVC,1500.00,2100.00,2500.00
YPMQ,2019-02-13 12:00,SCT,SCT,BKN,2300.00,2900.00,3600.00
YPMQ,2019-02-19 19:00,NCD,,,,,
YPMQ,2019-02-21 05:00,SCT,BKN,BKN,1300.00,1800.00,2100.00
YPMQ,2019-02-22 06:00,SCT,BKN,,3700.00,4400.00,
YPMQ,2019-02-22 08:00,SCT,SCT,SCT,2500.00,3500.00,4700.00
YPMQ,2019-02-23 01:00,SCT,OVC,,5800.00,7400.00,
YPMQ,2019-02-24 03:00,BKN,BKN,OVC,3500.00,4300.00,5700.00
YPMQ,2019-02-28 17:00,SCT,SCT,,4800.00,7200.00,
YPMQ,2019-03-01 19:00,NCD,,,,,
YPMQ,2019-03-01 20:00,SCT,,,1100.00,,
YPMQ,2019-03-02 05:00,SCT,SCT,BKN,2800.00,4200.00,4900.00
YPMQ,2019-03-02 13:00,SCT,BKN,,2900.00,7200.00,
YPMQ,2019-03-02 15:00,SCT,,,3800.00,,
YPMQ,2019-03-02 18:00,SCT,,,2400.00,,
YPMQ,2019-03-02 19:00,NCD,,,,,
YPMQ,2019-03-03 14:00,NCD,,,,,
YPMQ,2019-03-03 17:00,BKN,,,2600.00,,
YPMQ,2019-03-03 19:00,OVC,OVC,,1300.00,1800.00,
YPMQ,2019-03-04 16:00,NCD,,,,,
YPMQ,2019-03-04 17:00,NCD,,,,,
YPMQ,2019-03-04 19:00,NCD,,,,,
YPMQ,2019-03-04 20:00,SCT,,,1300.00,,
YPMQ,2019-03-06 18:00,SCT,BKN,OVC,900.00,2500.00,3100.00
YPMQ,2019-03-07 08:00,BKN,OVC,,3100.00,4100.00,
YPMQ,2019-03-09 07:00,SCT,BKN,BKN,1800.00,3200.00,6400.00
YPMQ,2019-03-09 10:00,OVC,,,1000.00,,
YPMQ,2019-03-09 11:00,SCT,SCT,BKN,4800.00,7500.00,9700.00
YPMQ,2019-03-09 16:00,SCT,SCT,OVC,1900.00,3600.00,8900.00
YPMQ,2019-03-11 13:00,NCD,,,,,
YPMQ,2019-03-11 15:00,NCD,,,,,
YPMQ,2019-03-11 16:00,BKN,,,1200.00,,
YPMQ,2019-03-11 17:00,NCD,,,,,
YPMQ,2019-03-12 13:00,BKN,,,11000.00,,
YPMQ,2019-03-12 14:00,SCT,,,11000.00,,
YPMQ,2019-03-14 18:00,OVC,,,1300.00,,
YPMQ,2019-03-15 23:00,OVC,,,6500.00,,
YPMQ,2019-03-16 03:00,SCT,OVC,,600.00,1200.00,
YPMQ,2019-03-22 18:00,OVC,,,200.00,,
YPMQ,2019-03-22 19:00,SCT,,,100.00,,
YPMQ,2019-03-24 11:00,SCT,BKN,BKN,4100.00,6800.00,8000.00
YPMQ,2019-03-25 13:00,OVC,,,800.00,,
YPMQ,2019-03-25 14:00,BKN,OVC,,1000.00,10500.00,
YPMQ,2019-04-01 12:00,BKN,BKN,OVC,1300.00,5600.00,6500.00
YPMQ,2019-04-01 13:00,BKN,BKN,OVC,1300.00,1700.00,4600.00
YPMQ,2019-04-01 17:00,BKN,OVC,OVC,1800.00,2500.00,3000.00
YPMQ,2019-04-01 21:00,BKN,OVC,,1200.00,2800.00,
YPMQ,2019-04-02 00:00,BKN,BKN,OVC,800.00,3300.00,4400.00
YPMQ,2019-04-02 12:00,SCT,SCT,,4900.00,5800.00,
YPMQ,2019-04-03 15:00,SCT,,,4100.00,,
YPMQ,2019-04-03 16:00,SCT,,,4000.00,,
YPMQ,2019-04-03 17:00,SCT,,,4200.00,,
YPMQ,2019-04-03 20:00,NCD,,,,,
YPMQ,2019-04-04 17:00,SCT,BKN,BKN,3000.00,4000.00,5100.00
YPMQ,2019-04-05 11:00,SCT,SCT,BKN,2000.00,2800.00,3500.00
YPMQ,2019-04-06 12:00,NCD,,,,,
YPMQ,2019-04-06 15:00,NCD,,,,,
YPMQ,2019-04-06 16:00,,,,,,
YPMQ,2019-04-06 17:00,NCD,,,,,
YPMQ,2019-04-07 19:00,SCT,,,100.00,,
YPMQ,2019-04-07 20:00,NCD,,,,,
YPMQ,2019-04-16 11:00,SCT,SCT,SCT,1900.00,4000.00,6200.00
YPMQ,2019-04-18 18:00,SCT,SCT,BKN,2700.00,3100.00,4500.00
YPMQ,2019-04-19 13:00,SCT,BKN,BKN,1800.00,2500.00,3100.00
YPMQ,2019-04-19 20:00,OVC,,,100.00,,
YPMQ,2019-04-19 21:00,BKN,BKN,OVC,200.00,2300.00,11500.00
YPMQ,2019-04-20 12:00,SCT,SCT,,800.00,2900.00,
YPMQ,2019-04-20 13:00,SCT,BKN,BKN,2800.00,3600.00,5200.00
YPMQ,2019-04-20 14:00,SCT,SCT,SCT,2800.00,3700.00,4900.00
YPMQ,2019-04-20 15:00,SCT,SCT,SCT,900.00,2900.00,3700.00
YPMQ,2019-04-20 16:00,OVC,OVC,,100.00,900.00,
YPMQ,2019-04-20 17:00,BKN,BKN,,800.00,6200.00,
YPMQ,2019-04-20 18:00,OVC,,,100.00,,
YPMQ,2019-04-20 19:00,BKN,OVC,,100.00,6200.00,
YPMQ,2019-04-20 20:00,OVC,,,100.00,,
YPMQ,2019-04-20 21:00,OVC,,,100.00,,
YPMQ,2019-04-20 22:00,OVC,,,200.00,,
YPMQ,2019-04-21 17:00,SCT,SCT,,2900.00,5900.00,
YPMQ,2019-04-22 15:00,,,,,,
YPMQ,2019-04-22 16:00,SCT,SCT,BKN,1000.00,2900.00,6900.00
YPMQ,2019-04-22 19:00,NCD,,,,,
YPMQ,2019-04-23 19:00,NCD,,,,,
YPMQ,2019-04-24 17:00,NCD,,,,,
YPMQ,2019-04-24 18:00,NCD,,,,,
YPMQ,2019-04-24 20:00,SCT,,,100.00,,
YPMQ,2019-04-24 21:00,NCD,,,,,
YPMQ,2019-04-25 15:00,BKN,,,500.00,,
YPMQ,2019-04-25 17:00,BKN,,,100.00,,
YPMQ,2019-04-25 18:00,OVC,,,100.00,,
YPMQ,2019-04-25 19:00,BKN,,,200.00,,
YPMQ,2019-04-26 15:00,NCD,,,,,
YPMQ,2019-04-29 10:00,NCD,,,,,
YPMQ,2019-04-29 11:00,SCT,,,4000.00,,
YPMQ,2019-05-04 00:00,SCT,BKN,OVC,600.00,6700.00,7800.00
YPMQ,2019-05-05 11:00,BKN,OVC,,6600.00,7900.00,
YPMQ,2019-05-07 12:00,NCD,,,,,
YPMQ,2019-05-09 15:00,NCD,,,,,
YPMQ,2019-05-09 16:00,NCD,,,,,
YPMQ,2019-05-10 12:00,BKN,,,12000.00,,
YPMQ,2019-05-10 13:00,BKN,,,12500.00,,
YPMQ,2019-05-11 00:00,SCT,,,6000.00,,
YPMQ,2019-05-15 07:00,OVC,OVC,,3200.00,4000.00,
YPMQ,2019-05-15 17:00,SCT,BKN,,4000.00,4700.00,
YPMQ,2019-05-15 20:00,SCT,,,8600.00,,
YPMQ,2019-05-17 16:00,OVC,,,9600.00,,
YPMQ,2019-05-17 18:00,BKN,,,9000.00,,
YPMQ,2019-05-17 19:00,SCT,,,9600.00,,
YPMQ,2019-05-18 11:00,BKN,,,400.00,,
YPMQ,2019-05-18 12:00,,,,,,
YPMQ,2019-05-18 13:00,NCD,,,,,
YPMQ,2019-05-18 14:00,,,,,,
YPMQ,2019-05-20 13:00,NCD,,,,,
YPMQ,2019-05-20 14:00,NCD,,,,,
YPMQ,2019-05-20 15:00,SCT,,,9200.00,,
YPMQ,2019-05-20 17:00,NCD,,,,,
YPMQ,2019-05-20 18:00,NCD,,,,,
YPMQ,2019-05-20 21:00,NCD,,,,,
YPMQ,2019-05-21 13:00,NCD,,,,,
YPMQ,2019-05-21 15:00,NCD,,,,,
YPMQ,2019-05-22 12:00,NCD,,,,,
YPMQ,2019-05-22 14:00,NCD,,,,,
YPMQ,2019-05-22 19:00,NCD,,,,,
YPMQ,2019-05-23 11:00,BKN,BKN,,3300.00,3900.00,
YPMQ,2019-05-24 14:00,NCD,,,,,
YPMQ,2019-05-24 15:00,NCD,,,,,
YPMQ,2019-05-25 14:00,,,,,,
YPMQ,2019-05-26 19:00,NCD,,,,,
YPMQ,2019-05-27 09:00,SCT,,,9400.00,,
YPMQ,2019-05-29 07:00,NCD,,,,,
YPMQ,2019-06-01 11:00,SCT,SCT,BKN,2400.00,3600.00,4800.00
YPMQ,2019-06-01 20:00,SCT,BKN,OVC,2600.00,3500.00,4400.00
YPMQ,2019-06-02 20:00,BKN,,,8500.00,,
YPMQ,2019-06-02 21:00,SCT,,,100.00,,
YPMQ,2019-06-04 02:00,SCT,BKN,,4800.00,8600.00,
YPMQ,2019-06-04 03:00,SCT,,,8700.00,,
YPMQ,2019-06-04 04:00,SCT,,,3600.00,,
YPMQ,2019-06-04 05:00,SCT,BKN,BKN,3400.00,6600.00,8600.00
YPMQ,2019-06-08 02:00,OVC,,,1900.00,,
YPMQ,2019-06-08 03:00,SCT,BKN,BKN,500.00,1300.00,2000.00
YPMQ,2019-06-08 06:00,SCT,BKN,BKN,500.00,2800.00,3500.00
YPMQ,2019-06-09 16:00,NCD,,,,,
YPMQ,2019-06-11 10:00,NCD,,,,,
YPMQ,2019-06-11 12:00,NCD,,,,,
YPMQ,2019-06-11 14:00,NCD,,,,,
YPMQ,2019-06-11 16:00,NCD,,,,,
YPMQ,2019-06-13 18:00,NCD,,,,,
YPMQ,2019-06-13 21:00,,,,,,
YPMQ,2019-06-14 12:00,SCT,,,8600.00,,
YPMQ,2019-06-14 14:00,BKN,,,3400.00,,
YPMQ,2019-06-18 21:00,NCD,,,,,
YPMQ,2019-06-24 05:00,SCT,SCT,BKN,1200.00,2500.00,4000.00
YPMQ,2019-06-24 14:00,SCT,SCT,BKN,1900.00,3500.00,5000.00
YPMQ,2019-06-24 21:00,SCT,BKN,OVC,4200.00,5200.00,6500.00
YPMQ,2019-06-25 23:00,SCT,SCT,BKN,1300.00,2000.00,3000.00
YPMQ,2019-06-26 03:00,SCT,SCT,BKN,1600.00,3000.00,3700.00
YPMQ,2019-06-26 04:00,BKN,BKN,OVC,2400.00,3400.00,4300.00
YPMQ,2019-06-26 06:00,SCT,SCT,SCT,2000.00,2800.00,3200.00
YPMQ,2019-06-26 21:00,SCT,SCT,OVC,2300.00,3300.00,5400.00
YPMQ,2019-06-27 14:00,SCT,SCT,BKN,3000.00,3600.00,4300.00
YPMQ,2019-06-27 17:00,SCT,BKN,,4500.00,6200.00,
YPMQ,2019-06-28 09:00,NCD,,,,,
YPMQ,2019-06-28 12:00,NCD,,,,,
YPMQ,2019-06-28 14:00,NCD,,,,,
YPMQ,2019-06-28 15:00,NCD,,,,,
YPMQ,2019-06-29 01:00,BKN,OVC,,600.00,5600.00,
YPMQ,2019-06-29 03:00,BKN,,,1400.00,,
YPMQ,2019-06-29 16:00,NCD,,,,,
YPMQ,2019-06-29 17:00,NCD,,,,,
YPMQ,2019-06-29 20:00,SCT,,,200.00,,
YPMQ,2019-06-29 21:00,BKN,,,100.00,,
YPMQ,2019-06-30 14:00,NCD,,,,,
YPMQ,2019-06-30 15:00,NCD,,,,,
YPMQ,2019-07-01 10:00,NCD,,,,,
YPMQ,2019-07-01 14:00,NCD,,,,,
YPMQ,2019-07-01 15:00,NCD,,,,,
YPMQ,2019-07-01 16:00,NCD,,,,,
YPMQ,2019-07-02 09:00,NCD,,,,,
YPMQ,2019-07-02 10:00,NCD,,,,,
YPMQ,2019-07-02 11:00,SCT,,,700.00,,
YPMQ,2019-07-02 12:00,OVC,,,400.00,,
YPMQ,2019-07-02 13:00,OVC,,,400.00,,
YPMQ,2019-07-02 14:00,BKN,,,500.00,,
YPMQ,2019-07-02 15:00,NCD,,,,,
YPMQ,2019-07-02 17:00,NCD,,,,,
YPMQ,2019-07-02 18:00,NCD,,,,,
YPMQ,2019-07-02 20:00,,,,,,
YPMQ,2019-07-02 21:00,,,,,,
YPMQ,2019-07-03 23:00,SCT,BKN,BKN,2700.00,3100.00,4100.00
YPMQ,2019-07-04 14:00,SCT,SCT,BKN,3600.00,4300.00,5000.00
YPMQ,2019-07-05 19:00,SCT,OVC,OVC,2500.00,3300.00,4200.00
YPMQ,2019-07-05 21:00,OVC,,,500.00,,
YPMQ,2019-07-06 02:00,SCT,BKN,BKN,1400.00,2500.00,2900.00
YPMQ,2019-07-06 07:00,SCT,SCT,BKN,800.00,2300.00,3100.00
YPMQ,2019-07-06 10:00,SCT,BKN,,3900.00,4900.00,
YPMQ,2019-07-06 11:00,SCT,SCT,BKN,2000.00,3000.00,4600.00
YPMQ,2019-07-06 12:00,SCT,BKN,BKN,100.00,1300.00,1700.00
YPMQ,2019-07-06 15:00,BKN,BKN,OVC,200.00,4900.00,6100.00
YPMQ,2019-07-06 19:00,SCT,,,200.00,,
YPMQ,2019-07-06 20:00,SCT,SCT,,3500.00,4700.00,
YPMQ,2019-07-07 10:00,NCD,,,,,
YPMQ,2019-07-07 11:00,SCT,,,3700.00,,
YPMQ,2019-07-07 14:00,SCT,,,100.00,,
YPMQ,2019-07-07 17:00,NCD,,,,,
YPMQ,2019-07-10 20:00,SCT,,,100.00,,
YPMQ,2019-07-15 02:00,SCT,,,7300.00,,
YPMQ,2019-07-18 14:00,BKN,,,100.00,,
YPMQ,2019-07-19 09:00,BKN,,,100.00,,
YPMQ,2019-07-19 10:00,OVC,,,200.00,,
YPMQ,2019-07-19 11:00,BKN,,,200.00,,
YPMQ,2019-07-19 12:00,SCT,,,200.00,,
YPMQ,2019-07-20 09:00,SCT,SCT,,200.00,700.00,
YPMQ,2019-07-20 11:00,NCD,,,,,
YPMQ,2019-07-20 12:00,NCD,,,,,
YPMQ,2019-07-20 13:00,,,,,,
YPMQ,2019-07-20 14:00,OVC,,,200.00,,
YPMQ,2019-07-20 16:00,BKN,OVC,,200.00,600.00,
YPMQ,2019-07-20 21:00,NCD,,,,,
YPMQ,2019-07-21 11:00,NCD,,,,,
YPMQ,2019-07-21 12:00,,,,,,
YPMQ,2019-07-21 13:00,NCD,,,,,
YPMQ,2019-07-22 10:00,OVC,,,200.00,,
YPMQ,2019-07-22 11:00,SCT,,,100.00,,
YPMQ,2019-07-22 12:00,,,,,,
YPMQ,2019-07-22 13:00,,,,,,
YPMQ,2019-07-22 14:00,NCD,,,,,
YPMQ,2019-07-22 15:00,NCD,,,,,
YPMQ,2019-07-23 12:00,NCD,,,,,
YPMQ,2019-07-23 13:00,,,,,,
YPMQ,2019-07-24 09:00,SCT,SCT,,200.00,800.00,
YPMQ,2019-07-24 11:00,BKN,,,200.00,,
YPMQ,2019-07-24 12:00,SCT,,,200.00,,
YPMQ,2019-07-24 13:00,BKN,,,100.00,,
YPMQ,2019-07-24 14:00,SCT,BKN,,700.00,7000.00,
YPMQ,2019-07-24 15:00,NCD,,,,,
YPMQ,2019-07-24 16:00,SCT,,,6000.00,,
YPMQ,2019-07-24 17:00,NCD,,,,,
YPMQ,2019-07-24 18:00,NCD,,,,,
YPMQ,2019-07-25 09:00,NCD,,,,,
YPMQ,2019-07-25 10:00,NCD,,,,,
YPMQ,2019-07-25 11:00,,,,,,
YPMQ,2019-07-25 12:00,NCD,,,,,
YPMQ,2019-07-25 17:00,NCD,,,,,
YPMQ,2019-07-25 20:00,NCD,,,,,
YPMQ,2019-07-26 09:00,NCD,,,,,
YPMQ,2019-07-26 10:00,OVC,,,600.00,,
YPMQ,2019-07-26 11:00,BKN,OVC,,300.00,800.00,
YPMQ,2019-07-26 12:00,SCT,OVC,,300.00,7100.00,
YPMQ,2019-07-26 13:00,SCT,OVC,,6900.00,8200.00,
YPMQ,2019-07-26 15:00,NCD,,,,,
YPMQ,2019-07-26 21:00,NCD,,,,,
YPMQ,2019-07-26 22:00,NCD,,,,,
YPMQ,2019-07-27 12:00,NCD,,,,,
YPMQ,2019-07-27 13:00,NCD,,,,,
YPMQ,2019-07-27 14:00,NCD,,,,,
YPMQ,2019-07-28 12:00,SCT,,,3100.00,,
YPMQ,2019-07-28 20:00,NCD,,,,,
YPMQ,2019-07-29 09:00,BKN,,,100.00,,
YPMQ,2019-07-29 10:00,NCD,,,,,
YPMQ,2019-07-29 11:00,OVC,,,9300.00,,
YPMQ,2019-07-29 12:00,OVC,,,9100.00,,
YPMQ,2019-07-29 16:00,NCD,,,,,
YPMQ,2019-07-29 17:00,SCT,,,11000.00,,
YPMQ,2019-07-29 18:00,SCT,,,8200.00,,
YPMQ,2019-07-29 19:00,SCT,,,10000.00,,
YPMQ,2019-07-29 20:00,OVC,,,11000.00,,
YPMQ,2019-07-29 21:00,NCD,,,,,
YPMQ,2019-07-29 22:00,OVC,,,7000.00,,
YPMQ,2019-07-29 23:00,BKN,,,6800.00,,
YPMQ,2019-07-30 10:00,NCD,,,,,
YPMQ,2019-07-30 13:00,SCT,BKN,BKN,2800.00,3300.00,7300.00
YPMQ,2019-07-30 14:00,SCT,SCT,SCT,1800.00,2800.00,4900.00
YPMQ,2019-07-30 15:00,SCT,SCT,OVC,2200.00,5400.00,6800.00
YPMQ,2019-07-31 12:00,SCT,BKN,BKN,2900.00,6200.00,7000.00
YPMQ,2019-07-31 15:00,SCT,OVC,OVC,2500.00,3200.00,4500.00
YPMQ,2019-08-01 12:00,NCD,,,,,
YPMQ,2019-08-01 13:00,BKN,BKN,,2600.00,7700.00,
YPMQ,2019-08-01 14:00,OVC,,,8100.00,,
YPMQ,2019-08-02 10:00,NCD,,,,,
YPMQ,2019-08-02 11:00,,,,,,
YPMQ,2019-08-02 12:00,NCD,,,,,
YPMQ,2019-08-03 09:00,NCD,,,,,
YPMQ,2019-08-03 10:00,NCD,,,,,
YPMQ,2019-08-03 11:00,NCD,,,,,
YPMQ,2019-08-03 12:00,NCD,,,,,
YPMQ,2019-08-03 13:00,NCD,,,,,
YPMQ,2019-08-03 17:00,NCD,,,,,
YPMQ,2019-08-04 09:00,NCD,,,,,
YPMQ,2019-08-04 10:00,SCT,BKN,,4400.00,5300.00,
YPMQ,2019-08-04 11:00,BKN,BKN,,5700.00,6700.00,
YPMQ,2019-08-04 13:00,SCT,SCT,BKN,500.00,5400.00,6200.00
YPMQ,2019-08-04 14:00,,,,,,
YPMQ,2019-08-04 15:00,SCT,,,200.00,,
YPMQ,2019-08-04 16:00,,,,,,
YPMQ,2019-08-04 17:00,SCT,SCT,,200.00,4000.00,
YPMQ,2019-08-04 18:00,,,,,,
YPMQ,2019-08-04 19:00,NCD,,,,,
YPMQ,2019-08-04 20:00,NCD,,,,,
YPMQ,2019-08-05 09:00,NCD,,,,,
YPMQ,2019-08-05 10:00,NCD,,,,,
YPMQ,2019-08-05 11:00,NCD,,,,,
YPMQ,2019-08-05 12:00,SCT,,,100.00,,
YPMQ,2019-08-05 13:00,NCD,,,,,
YPMQ,2019-08-05 15:00,NCD,,,,,
YPMQ,2019-08-06 09:00,NCD,,,,,
YPMQ,2019-08-06 10:00,NCD,,,,,
YPMQ,2019-08-06 11:00,NCD,,,,,
YPMQ,2019-08-06 12:00,NCD,,,,,
YPMQ,2019-08-06 13:00,NCD,,,,,
YPMQ,2019-08-06 14:00,NCD,,,,,
YPMQ,2019-08-07 09:00,OVC,,,11000.00,,
YPMQ,2019-08-07 11:00,OVC,,,11000.00,,
YPMQ,2019-08-09 01:00,NCD,,,,,
YPMQ,2019-08-09 02:00,NCD,,,,,
YPMQ,2019-08-09 03:00,NCD,,,,,
YPMQ,2019-08-09 04:00,NCD,,,,,
YPMQ,2019-08-09 05:00,NCD,,,,,
YPMQ,2019-08-09 07:00,NCD,,,,,
YPMQ,2019-08-10 03:00,SCT,,,7600.00,,
YPMQ,2019-08-10 04:00,SCT,,,9900.00,,
YPMQ,2019-08-10 05:00,SCT,,,10000.00,,
YPMQ,2019-08-10 06:00,NCD,,,,,
YPMQ,2019-08-11 00:00,NCD,,,,,
YPMQ,2019-08-11 02:00,NCD,,,,,
YPMQ,2019-08-11 05:00,NCD,,,,,
YPMQ,2019-08-12 10:00,NCD,,,,,
YPMQ,2019-08-12 12:00,NCD,,,,,
YPMQ,2019-08-12 13:00,NCD,,,,,
YPMQ,2019-08-13 09:00,NCD,,,,,
YPMQ,2019-08-13 10:00,NCD,,,,,
YPMQ,2019-08-13 12:00,,,,,,
YPMQ,2019-08-13 13:00,NCD,,,,,
YPMQ,2019-08-13 14:00,,,,,,
YPMQ,2019-08-13 15:00,NCD,,,,,
YPMQ,2019-08-14 09:00,BKN,,,3000.00,,
YPMQ,2019-08-14 10:00,SCT,,,6800.00,,
YPMQ,2019-08-14 11:00,SCT,,,1000.00,,
YPMQ,2019-08-14 12:00,SCT,,,400.00,,
YPMQ,2019-08-14 13:00,BKN,,,100.00,,
YPMQ,2019-08-14 14:00,OVC,,,200.00,,
YPMQ,2019-08-14 15:00,SCT,,,800.00,,
YPMQ,2019-08-14 16:00,SCT,,,700.00,,
YPMQ,2019-08-14 17:00,SCT,,,600.00,,
YPMQ,2019-08-14 18:00,SCT,,,900.00,,
YPMQ,2019-08-14 19:00,NCD,,,,,
YPMQ,2019-08-14 20:00,,,,,,
YPMQ,2019-08-14 21:00,,,,,,
YPMQ,2019-08-15 09:00,NCD,,,,,
YPMQ,2019-08-15 10:00,NCD,,,,,
YPMQ,2019-08-15 11:00,SCT,SCT,,100.00,600.00,
YPMQ,2019-08-15 12:00,NCD,,,,,
YPMQ,2019-08-15 14:00,NCD,,,,,
YPMQ,2019-08-16 09:00,NCD,,,,,
YPMQ,2019-08-16 10:00,NCD,,,,,
YPMQ,2019-08-16 11:00,NCD,,,,,
YPMQ,2019-08-16 12:00,,,,,,
YPMQ,2019-08-16 13:00,NCD,,,,,
YPMQ,2019-08-17 10:00,NCD,,,,,
YPMQ,2019-08-17 11:00,NCD,,,,,
YPMQ,2019-08-17 13:00,NCD,,,,,
YPMQ,2019-08-18 14:00,NCD,,,,,
YPMQ,2019-08-18 18:00,NCD,,,,,
YPMQ,2019-08-18 19:00,SCT,,,100.00,,
YPMQ,2019-08-18 20:00,NCD,,,,,
YPMQ,2019-08-18 21:00,NCD,,,,,
YPMQ,2019-08-19 02:00,SCT,BKN,,300.00,700.00,
YPMQ,2019-08-19 03:00,BKN,OVC,,300.00,900.00,
YPMQ,2019-08-19 04:00,SCT,BKN,BKN,300.00,800.00,1500.00
YPMQ,2019-08-19 05:00,SCT,BKN,BKN,300.00,600.00,1400.00
YPMQ,2019-08-19 06:00,BKN,,,400.00,,
YPMQ,2019-08-19 07:00,SCT,,,400.00,,
YPMQ,2019-08-19 08:00,SCT,SCT,,400.00,700.00,
YPMQ,2019-08-19 09:00,NCD,,,,,
YPMQ,2019-08-19 10:00,BKN,,,400.00,,
YPMQ,2019-08-19 11:00,BKN,,,300.00,,
YPMQ,2019-08-19 12:00,BKN,,,300.00,,
YPMQ,2019-08-19 13:00,BKN,,,400.00,,
YPMQ,2019-08-19 14:00,SCT,,,400.00,,
YPMQ,2019-08-19 15:00,SCT,,,400.00,,
YPMQ,2019-08-19 16:00,SCT,,,300.00,,
YPMQ,2019-08-19 17:00,NCD,,,,,
YPMQ,2019-08-19 18:00,NCD,,,,,
YPMQ,2019-08-19 19:00,NCD,,,,,
YPMQ,2019-08-19 20:00,NCD,,,,,
YPMQ,2019-08-19 21:00,NCD,,,,,
YPMQ,2019-08-19 22:00,NCD,,,,,
YPMQ,2019-08-20 08:00,NCD,,,,,
YPMQ,2019-08-20 09:00,NCD,,,,,
YPMQ,2019-08-20 10:00,,,,,,
YPMQ,2019-08-20 11:00,BKN,,,300.00,,
YPMQ,2019-08-20 12:00,OVC,,,100.00,,
YPMQ,2019-08-20 13:00,SCT,,,100.00,,
YPMQ,2019-08-20 14:00,,,,,,
YPMQ,2019-08-20 15:00,SCT,,,100.00,,
YPMQ,2019-08-20 16:00,SCT,,,100.00,,
YPMQ,2019-08-20 17:00,,,,,,
YPMQ,2019-08-20 18:00,OVC,,,100.00,,
YPMQ,2019-08-20 19:00,BKN,,,100.00,,
YPMQ,2019-08-20 20:00,BKN,,,100.00,,
YPMQ,2019-08-20 21:00,SCT,,,100.00,,
YPMQ,2019-08-20 22:00,SCT,,,100.00,,
YPMQ,2019-08-20 23:00,SCT,,,200.00,,
YPMQ,2019-08-21 08:00,NCD,,,,,
YPMQ,2019-08-21 09:00,SCT,,,200.00,,
YPMQ,2019-08-21 10:00,NCD,,,,,
YPMQ,2019-08-21 18:00,NCD,,,,,
YPMQ,2019-08-21 21:00,NCD,,,,,
YPMQ,2019-08-21 22:00,NCD,,,,,
YPMQ,2019-08-22 04:00,SCT,,,9100.00,,
YPMQ,2019-08-22 05:00,SCT,BKN,,2300.00,9800.00,
YPMQ,2019-08-22 06:00,BKN,BKN,OVC,2800.00,3500.00,9300.00
YPMQ,2019-08-22 15:00,SCT,OVC,,4300.00,7500.00,
YPMQ,2019-08-23 09:00,NCD,,,,,
YPMQ,2019-08-23 10:00,NCD,,,,,
YPMQ,2019-08-23 11:00,NCD,,,,,
YPMQ,2019-08-23 12:00,SCT,,,2100.00,,
YPMQ,2019-08-23 13:00,NCD,,,,,
YPMQ,2019-08-23 14:00,NCD,,,,,
YPMQ,2019-08-23 15:00,NCD,,,,,
YPMQ,2019-08-23 16:00,NCD,,,,,
YPMQ,2019-08-23 17:00,NCD,,,,,
YPMQ,2019-08-23 18:00,NCD,,,,,
YPMQ,2019-08-23 19:00,NCD,,,,,
YPMQ,2019-08-23 20:00,NCD,,,,,
YPMQ,2019-08-23 21:00,NCD,,,,,
YPMQ,2019-08-24 10:00,NCD,,,,,
YPMQ,2019-08-24 11:00,NCD,,,,,
YPMQ,2019-08-24 12:00,,,,,,
YPMQ,2019-08-24 13:00,NCD,,,,,
YPMQ,2019-08-24 14:00,,,,,,
YPMQ,2019-08-24 15:00,,,,,,
YPMQ,2019-08-24 16:00,SCT,,,500.00,,
YPMQ,2019-08-24 17:00,,,,,,
YPMQ,2019-08-24 18:00,,,,,,
YPMQ,2019-08-24 19:00,NCD,,,,,
YPMQ,2019-08-24 20:00,,,,,,
YPMQ,2019-08-24 21:00,NCD,,,,,
YPMQ,2019-08-25 09:00,,,,,,
YPMQ,2019-08-25 10:00,NCD,,,,,
YPMQ,2019-08-25 11:00,NCD,,,,,
YPMQ,2019-08-25 12:00,BKN,,,11000.00,,
YPMQ,2019-08-25 13:00,BKN,,,11000.00,,
YPMQ,2019-08-25 14:00,OVC,,,12000.00,,
YPMQ,2019-08-25 15:00,OVC,,,12000.00,,
YPMQ,2019-08-25 16:00,SCT,BKN,,2300.00,3200.00,
YPMQ,2019-08-25 17:00,SCT,BKN,OVC,2100.00,3000.00,3700.00
YPMQ,2019-08-25 18:00,SCT,BKN,,3100.00,11000.00,
YPMQ,2019-08-25 19:00,SCT,SCT,OVC,2100.00,2600.00,3100.00
YPMQ,2019-08-26 10:00,SCT,,,3400.00,,
YPMQ,2019-08-26 11:00,SCT,BKN,,3600.00,9700.00,
YPMQ,2019-08-26 16:00,,,,,,
YPMQ,2019-08-26 17:00,,,,,,
YPMQ,2019-08-27 09:00,NCD,,,,,
YPMQ,2019-08-27 10:00,SCT,,,6500.00,,
YPMQ,2019-08-27 11:00,,,,,,
YPMQ,2019-08-27 12:00,SCT,,,2900.00,,
YPMQ,2019-08-27 13:00,SCT,,,2600.00,,
YPMQ,2019-08-27 14:00,BKN,BKN,OVC,2200.00,2700.00,3700.00
YPMQ,2019-08-27 15:00,SCT,,,2000.00,,
YPMQ,2019-08-27 16:00,SCT,,,100.00,,
YPMQ,2019-08-27 17:00,SCT,BKN,,2100.00,4600.00,
YPMQ,2019-08-27 18:00,SCT,,,200.00,,
YPMQ,2019-08-27 19:00,BKN,BKN,BKN,4000.00,4600.00,5300.00
YPMQ,2019-08-27 20:00,BKN,BKN,OVC,2700.00,3400.00,3800.00
YPMQ,2019-08-27 21:00,BKN,OVC,,2400.00,12000.00,
YPMQ,2019-08-28 09:00,SCT,SCT,,4000.00,7100.00,
YPMQ,2019-08-28 10:00,BKN,BKN,,1700.00,2200.00,
YPMQ,2019-08-28 11:00,BKN,,,1700.00,,
YPMQ,2019-08-28 12:00,BKN,BKN,,1700.00,2900.00,
YPMQ,2019-08-28 13:00,,,,,,
YPMQ,2019-08-28 14:00,NCD,,,,,
YPMQ,2019-08-28 15:00,NCD,,,,,
YPMQ,2019-08-28 16:00,SCT,,,2300.00,,
YPMQ,2019-08-28 17:00,OVC,,,2500.00,,
YPMQ,2019-08-28 18:00,BKN,,,2500.00,,
YPMQ,2019-08-28 21:00,SCT,,,5300.00,,
YPMQ,2019-08-29 11:00,SCT,SCT,,2700.00,4500.00,
YPMQ,2019-08-29 17:00,,,,,,
YPMQ,2019-08-29 18:00,,,,,,
YPMQ,2019-08-29 19:00,,,,,,
YPMQ,2019-08-29 20:00,NCD,,,,,
YPMQ,2019-08-30 13:00,NCD,,,,,
YPMQ,2019-08-30 14:00,NCD,,,,,
YPMQ,2019-08-30 15:00,NCD,,,,,
YPMQ,2019-08-30 16:00,NCD,,,,,
YPMQ,2019-08-30 17:00,NCD,,,,,
YPMQ,2019-08-30 18:00,NCD,,,,,
YPMQ,2019-08-30 19:00,NCD,,,,,
YPMQ,2019-08-30 20:00,NCD,,,,,
YPMQ,2019-08-30 21:00,NCD,,,,,
YPMQ,2019-08-31 10:00,OVC,OVC,,2700.00,3700.00,
YPMQ,2019-08-31 11:00,SCT,SCT,BKN,300.00,3100.00,4000.00
YPMQ,2019-08-31 12:00,BKN,BKN,,2700.00,6100.00,
YPMQ,2019-08-31 13:00,BKN,OVC,,2200.00,3200.00,
YPMQ,2019-08-31 14:00,OVC,,,4500.00,,
YPMQ,2019-08-31 16:00,NCD,,,,,
YPMQ,2019-08-31 17:00,,,,,,
YPMQ,2019-08-31 18:00,,,,,,
YPMQ,2019-08-31 19:00,,,,,,
YPMQ,2019-08-31 20:00,,,,,,
YPMQ,2019-08-31 21:00,SCT,SCT,,100.00,4200.00,
YPMQ,2019-08-31 22:00,NCD,,,,,
YPMQ,2019-09-01 09:00,SCT,,,2600.00,,
YPMQ,2019-09-01 10:00,,,,,,
YPMQ,2019-09-01 11:00,,,,,,
YPMQ,2019-09-01 12:00,,,,,,
YPMQ,2019-09-01 13:00,,,,,,
YPMQ,2019-09-01 14:00,OVC,,,100.00,,
YPMQ,2019-09-01 15:00,,,,,,
YPMQ,2019-09-01 16:00,,,,,,
YPMQ,2019-09-01 17:00,,,,,,
YPMQ,2019-09-01 18:00,,,,,,
YPMQ,2019-09-01 19:00,NCD,,,,,
YPMQ,2019-09-01 20:00,NCD,,,,,
YPMQ,2019-09-02 06:00,NCD,,,,,
YPMQ,2019-09-03 09:00,NCD,,,,,
YPMQ,2019-09-03 11:00,,,,,,
YPMQ,2019-09-03 12:00,,,,,,
YPMQ,2019-09-03 13:00,,,,,,
YPMQ,2019-09-03 14:00,,,,,,
YPMQ,2019-09-03 15:00,,,,,,
YPMQ,2019-09-03 16:00,SCT,,,100.00,,
YPMQ,2019-09-03 17:00,BKN,,,100.00,,
YPMQ,2019-09-03 18:00,,,,,,
YPMQ,2019-09-03 19:00,SCT,,,100.00,,
YPMQ,2019-09-03 20:00,NCD,,,,,
YPMQ,2019-09-03 21:00,NCD,,,,,
YPMQ,2019-09-04 10:00,NCD,,,,,
YPMQ,2019-09-04 11:00,SCT,,,300.00,,
YPMQ,2019-09-04 12:00,,,,,,
YPMQ,2019-09-04 13:00,SCT,,,300.00,,
YPMQ,2019-09-04 14:00,NCD,,,,,
YPMQ,2019-09-04 15:00,NCD,,,,,
YPMQ,2019-09-04 21:00,NCD,,,,,
YPMQ,2019-09-05 10:00,,,,,,
YPMQ,2019-09-05 11:00,NCD,,,,,
YPMQ,2019-09-05 12:00,SCT,,,300.00,,
YPMQ,2019-09-05 13:00,OVC,,,100.00,,
YPMQ,2019-09-05 14:00,SCT,,,500.00,,
YPMQ,2019-09-05 15:00,BKN,,,400.00,,
YPMQ,2019-09-05 16:00,BKN,,,100.00,,
YPMQ,2019-09-05 17:00,OVC,,,100.00,,
YPMQ,2019-09-05 18:00,,,,,,
YPMQ,2019-09-05 19:00,OVC,,,100.00,,
YPMQ,2019-09-05 20:00,SCT,,,800.00,,
YPMQ,2019-09-06 11:00,OVC,,,6000.00,,
YPMQ,2019-09-06 12:00,BKN,OVC,,4800.00,5300.00,
YPMQ,2019-09-06 13:00,NCD,,,,,
YPMQ,2019-09-07 03:00,NCD,,,,,
YPMQ,2019-09-07 16:00,,,,,,
YPMQ,2019-09-07 17:00,NCD,,,,,
YPMQ,2019-09-07 18:00,NCD,,,,,
YPMQ,2019-09-08 09:00,NCD,,,,,
YPMQ,2019-09-08 11:00,NCD,,,,,
YPMQ,2019-09-08 12:00,,,,,,
YPMQ,2019-09-08 13:00,,,,,,
YPMQ,2019-09-08 18:00,NCD,,,,,
YPMQ,2019-09-08 19:00,NCD,,,,,
YPMQ,2019-09-09 00:00,NCD,,,,,
YPMQ,2019-09-09 02:00,SCT,,,8000.00,,
YPMQ,2019-09-09 04:00,BKN,,,9300.00,,
YPMQ,2019-09-09 07:00,NCD,,,,,
YPMQ,2019-09-09 09:00,NCD,,,,,
YPMQ,2019-09-09 13:00,SCT,BKN,OVC,4900.00,5900.00,6700.00
YPMQ,2019-09-10 15:00,SCT,,,7200.00,,
YPMQ,2019-09-10 19:00,SCT,SCT,SCT,3700.00,4600.00,6600.00
YPMQ,2019-09-10 20:00,SCT,BKN,BKN,4000.00,4900.00,5700.00
YPMQ,2019-09-10 22:00,SCT,BKN,OVC,1400.00,3900.00,5000.00
YPMQ,2019-09-11 09:00,SCT,,,2600.00,,
YPMQ,2019-09-11 10:00,SCT,SCT,,2600.00,3500.00,
YPMQ,2019-09-11 11:00,SCT,,,3300.00,,
YPMQ,2019-09-11 12:00,,,,,,
YPMQ,2019-09-11 13:00,,,,,,
YPMQ,2019-09-11 14:00,,,,,,
YPMQ,2019-09-11 15:00,NCD,,,,,
YPMQ,2019-09-11 16:00,SCT,,,300.00,,
YPMQ,2019-09-11 17:00,,,,,,
YPMQ,2019-09-11 18:00,,,,,,
YPMQ,2019-09-11 19:00,SCT,,,400.00,,
YPMQ,2019-09-11 20:00,,,,,,
YPMQ,2019-09-11 21:00,NCD,,,,,
YPMQ,2019-09-12 02:00,NCD,,,,,
YPMQ,2019-09-12 03:00,SCT,BKN,BKN,2200.00,2800.00,3400.00
YPMQ,2019-09-12 17:00,NCD,,,,,
YPMQ,2019-09-12 18:00,NCD,,,,,
YPMQ,2019-09-12 19:00,NCD,,,,,
YPMQ,2019-09-12 20:00,NCD,,,,,
YPMQ,2019-09-12 21:00,NCD,,,,,
YPMQ,2019-09-12 22:00,NCD,,,,,
YPMQ,2019-09-13 10:00,SCT,,,3600.00,,
YPMQ,2019-09-13 11:00,,,,,,
YPMQ,2019-09-13 12:00,NCD,,,,,
YPMQ,2019-09-13 13:00,SCT,,,2800.00,,
YPMQ,2019-09-13 14:00,SCT,,,2400.00,,
YPMQ,2019-09-13 15:00,,,,,,
YPMQ,2019-09-13 16:00,SCT,,,1900.00,,
YPMQ,2019-09-13 17:00,SCT,,,1500.00,,
YPMQ,2019-09-13 18:00,SCT,,,1300.00,,
YPMQ,2019-09-13 19:00,BKN,OVC,,100.00,900.00,
YPMQ,2019-09-13 20:00,,,,,,
YPMQ,2019-09-13 21:00,NCD,,,,,
YPMQ,2019-09-14 10:00,BKN,OVC,,2800.00,3400.00,
YPMQ,2019-09-14 11:00,OVC,,,3000.00,,
YPMQ,2019-09-14 12:00,OVC,,,3200.00,,
YPMQ,2019-09-14 13:00,OVC,,,3200.00,,
YPMQ,2019-09-14 14:00,OVC,,,3200.00,,
YPMQ,2019-09-14 15:00,OVC,,,3200.00,,
YPMQ,2019-09-14 16:00,OVC,,,3200.00,,
YPMQ,2019-09-14 17:00,OVC,,,3200.00,,
YPMQ,2019-09-14 18:00,OVC,,,3000.00,,
YPMQ,2019-09-14 19:00,OVC,,,2800.00,,
YPMQ,2019-09-14 20:00,BKN,,,2600.00,,
YPMQ,2019-09-14 21:00,NCD,,,,,
YPMQ,2019-09-15 13:00,BKN,,,3300.00,,
YPMQ,2019-09-15 14:00,BKN,,,2900.00,,
YPMQ,2019-09-15 15:00,SCT,BKN,,2900.00,3400.00,
YPMQ,2019-09-15 16:00,SCT,OVC,,600.00,2600.00,
YPMQ,2019-09-15 17:00,OVC,,,200.00,,
YPMQ,2019-09-15 18:00,OVC,,,1800.00,,
YPMQ,2019-09-15 19:00,SCT,,,1200.00,,
YPMQ,2019-09-15 20:00,NCD,,,,,
YPMQ,2019-09-15 21:00,NCD,,,,,
YPMQ,2019-09-16 10:00,NCD,,,,,
YPMQ,2019-09-16 11:00,SCT,,,2000.00,,
YPMQ,2019-09-16 12:00,NCD,,,,,
YPMQ,2019-09-16 16:00,OVC,,,1400.00,,
YPMQ,2019-09-17 19:00,BKN,,,11500.00,,
YPMQ,2019-09-17 20:00,OVC,,,10500.00,,
YPMQ,2019-09-17 21:00,BKN,BKN,,2300.00,6500.00,
YPMQ,2019-09-18 12:00,SCT,,,1900.00,,
YPMQ,2019-09-18 13:00,SCT,SCT,,2200.00,3600.00,
YPMQ,2019-09-18 14:00,NCD,,,,,
YPMQ,2019-09-18 15:00,SCT,,,2300.00,,
YPMQ,2019-09-18 16:00,SCT,BKN,BKN,3400.00,4500.00,8900.00
YPMQ,2019-09-18 17:00,BKN,OVC,OVC,1600.00,2900.00,5500.00
YPMQ,2019-09-18 18:00,SCT,SCT,BKN,1600.00,5400.00,6800.00
YPMQ,2019-09-18 20:00,BKN,,,1900.00,,
YPMQ,2019-09-18 21:00,BKN,OVC,,2000.00,3500.00,
YPMQ,2019-09-19 12:00,SCT,BKN,OVC,1100.00,4600.00,6700.00
YPMQ,2019-09-20 03:00,BKN,,,1500.00,,
YPMQ,2019-09-20 12:00,SCT,BKN,BKN,1500.00,2600.00,3800.00
YPMQ,2019-09-20 15:00,BKN,BKN,BKN,1200.00,1800.00,2600.00
YPMQ,2019-09-20 16:00,SCT,BKN,OVC,900.00,1200.00,1900.00
YPMQ,2019-09-20 17:00,BKN,BKN,BKN,1300.00,2200.00,3200.00
YPMQ,2019-09-20 20:00,BKN,BKN,,1500.00,2200.00,
YPMQ,2019-09-20 22:00,BKN,BKN,BKN,1000.00,8200.00,11000.00
YPMQ,2019-09-21 12:00,BKN,,,1400.00,,
YPMQ,2019-09-23 12:00,NCD,,,,,
YPMQ,2019-09-23 13:00,NCD,,,,,
YPMQ,2019-09-23 15:00,SCT,SCT,BKN,4500.00,5200.00,7200.00
YPMQ,2019-09-23 16:00,NCD,,,,,
YPMQ,2019-09-23 17:00,OVC,,,4600.00,,
YPMQ,2019-09-23 18:00,SCT,SCT,,5000.00,6800.00,
YPMQ,2019-09-24 13:00,NCD,,,,,
YPMQ,2019-09-24 14:00,NCD,,,,,
YPMQ,2019-09-24 20:00,NCD,,,,,
YPMQ,2019-09-26 12:00,NCD,,,,,
YPMQ,2019-09-26 13:00,NCD,,,,,
YPMQ,2019-09-26 14:00,BKN,BKN,,400.00,800.00,
YPMQ,2019-09-26 15:00,SCT,BKN,,300.00,600.00,
YPMQ,2019-09-26 16:00,NCD,,,,,
YPMQ,2019-09-26 17:00,BKN,,,900.00,,
YPMQ,2019-09-26 18:00,NCD,,,,,
YPMQ,2019-09-26 19:00,OVC,,,100.00,,
YPMQ,2019-09-26 20:00,,,,,,
YPMQ,2019-09-28 02:00,NCD,,,,,
YPMQ,2019-09-28 05:00,BKN,,,2700.00,,
YPMQ,2019-09-28 17:00,NCD,,,,,
YPMQ,2019-09-28 18:00,NCD,,,,,
YPMQ,2019-09-28 19:00,NCD,,,,,
YPMQ,2019-09-28 20:00,NCD,,,,,
YPMQ,2019-09-29 13:00,NCD,,,,,
YPMQ,2019-09-29 14:00,BKN,BKN,,2500.00,3400.00,
YPMQ,2019-09-29 15:00,OVC,,,2300.00,,
YPMQ,2019-09-29 17:00,BKN,,,2300.00,,
YPMQ,2019-09-30 13:00,SCT,BKN,OVC,1600.00,2500.00,3100.00
YPMQ,2019-09-30 14:00,SCT,BKN,BKN,2800.00,3400.00,4300.00
YPMQ,2019-09-30 15:00,BKN,BKN,OVC,2400.00,3400.00,3900.00
YPMQ,2019-09-30 20:00,SCT,OVC,,4000.00,7000.00,
YPMQ,2019-10-01 13:00,NCD,,,,,
YPMQ,2019-10-01 16:00,NCD,,,,,
YPMQ,2019-10-01 17:00,NCD,,,,,
YPMQ,2019-10-01 18:00,SCT,,,2200.00,,
YPMQ,2019-10-01 20:00,SCT,,,600.00,,
YPMQ,2019-10-02 17:00,NCD,,,,,
YPMQ,2019-10-02 18:00,OVC,,,100.00,,
YPMQ,2019-10-02 19:00,SCT,,,100.00,,
YPMQ,2019-10-03 15:00,NCD,,,,,
YPMQ,2019-10-03 16:00,NCD,,,,,
YPMQ,2019-10-03 18:00,NCD,,,,,
YPMQ,2019-10-04 20:00,BKN,BKN,OVC,1500.00,2200.00,3200.00
YPMQ,2019-10-04 21:00,SCT,OVC,,1300.00,2100.00,
YPMQ,2019-10-07 12:00,NCD,,,,,
YPMQ,2019-10-07 13:00,SCT,,,1000.00,,
YPMQ,2019-10-07 14:00,OVC,,,500.00,,
YPMQ,2019-10-07 15:00,OVC,,,200.00,,
YPMQ,2019-10-07 16:00,OVC,,,200.00,,
YPMQ,2019-10-07 17:00,OVC,,,200.00,,
YPMQ,2019-10-07 18:00,OVC,,,200.00,,
YPMQ,2019-10-07 19:00,OVC,,,600.00,,
YPMQ,2019-10-07 22:00,OVC,,,1200.00,,
YPMQ,2019-10-07 23:00,BKN,,,1400.00,,
YPMQ,2019-10-08 03:00,SCT,,,1500.00,,
YPMQ,2019-10-08 11:00,SCT,SCT,,9400.00,11500.00,
YPMQ,2019-10-09 02:00,SCT,,,7100.00,,
YPMQ,2019-10-09 07:00,NCD,,,,,
YPMQ,2019-10-10 11:00,SCT,OVC,,4700.00,5200.00,
YPMQ,2019-10-10 14:00,BKN,OVC,OVC,4300.00,4900.00,5500.00
YPMQ,2019-10-10 16:00,SCT,,,4100.00,,
YPMQ,2019-10-10 20:00,SCT,SCT,,3000.00,4800.00,
YPMQ,2019-10-12 15:00,SCT,BKN,BKN,1200.00,2100.00,3900.00
YPMQ,2019-10-12 20:00,SCT,BKN,BKN,3500.00,4900.00,5700.00
YPMQ,2019-10-13 13:00,NCD,,,,,
YPMQ,2019-10-13 14:00,NCD,,,,,
YPMQ,2019-10-14 19:00,NCD,,,,,
YPMQ,2019-10-15 08:00,OVC,,,1400.00,,
YPMQ,2019-10-15 10:00,SCT,,,1100.00,,
YPMQ,2019-10-15 15:00,BKN,BKN,,300.00,700.00,
YPMQ,2019-10-15 16:00,OVC,,,200.00,,
YPMQ,2019-10-15 17:00,OVC,,,100.00,,
YPMQ,2019-10-15 18:00,OVC,,,100.00,,
YPMQ,2019-10-15 19:00,OVC,,,100.00,,
YPMQ,2019-10-15 20:00,SCT,,,100.00,,
YPMQ,2019-10-16 13:00,OVC,,,800.00,,
YPMQ,2019-10-16 16:00,OVC,,,1100.00,,
YPMQ,2019-10-17 05:00,NCD,,,,,
YPMQ,2019-10-17 15:00,NCD,,,,,
YPMQ,2019-10-19 14:00,NCD,,,,,
YPMQ,2019-10-20 14:00,NCD,,,,,
YPMQ,2019-10-20 16:00,,,,,,
YPMQ,2019-10-20 17:00,NCD,,,,,
YPMQ,2019-10-20 18:00,NCD,,,,,
YPMQ,2019-10-20 19:00,NCD,,,,,
YPMQ,2019-10-21 14:00,NCD,,,,,
YPMQ,2019-10-21 15:00,SCT,,,3000.00,,
YPMQ,2019-10-21 16:00,NCD,,,,,
YPMQ,2019-10-21 17:00,,,,,,
YPMQ,2019-10-22 15:00,NCD,,,,,
YPMQ,2019-10-22 17:00,BKN,,,100.00,,
YPMQ,2019-10-22 18:00,NCD,,,,,
YPMQ,2019-10-22 19:00,SCT,,,100.00,,
YPMQ,2019-10-22 20:00,NCD,,,,,
YPMQ,2019-10-23 18:00,SCT,,,100.00,,
YPMQ,2019-10-23 19:00,OVC,OVC,,100.00,1200.00,
YPMQ,2019-10-24 19:00,NCD,,,,,
YPMQ,2019-10-26 14:00,NCD,,,,,
YPMQ,2019-10-27 17:00,SCT,,,5400.00,,
YPMQ,2019-10-27 18:00,SCT,OVC,,4300.00,5200.00,
YPMQ,2019-10-27 19:00,BKN,OVC,,4300.00,5100.00,
YPMQ,2019-10-27 20:00,BKN,OVC,,4100.00,4800.00,
YPMQ,2019-10-28 15:00,NCD,,,,,
YPMQ,2019-10-28 16:00,NCD,,,,,
YPMQ,2019-10-28 17:00,SCT,,,4300.00,,
YPMQ,2019-10-28 19:00,SCT,,,700.00,,
YPMQ,2019-10-28 20:00,SCT,,,3400.00,,
YPMQ,2019-10-30 19:00,BKN,,,3300.00,,
YPMQ,2019-10-30 20:00,NCD,,,,,
YPMQ,2019-10-31 18:00,NCD,,,,,
YPMQ,2019-11-01 04:00,NCD,,,,,
YPMQ,2019-11-02 03:00,NCD,,,,,
YPMQ,2019-11-02 06:00,NCD,,,,,
YPMQ,2019-11-02 07:00,NCD,,,,,
YPMQ,2019-11-03 18:00,SCT,,,6400.00,,
YPMQ,2019-11-03 19:00,NCD,,,,,
YPMQ,2019-11-03 20:00,NCD,,,,,
YPMQ,2019-11-04 12:00,BKN,,,1900.00,,
YPMQ,2019-11-04 14:00,SCT,,,1900.00,,
YPMQ,2019-11-04 15:00,SCT,,,12000.00,,
YPMQ,2019-11-04 16:00,SCT,,,11500.00,,
YPMQ,2019-11-05 04:00,SCT,BKN,BKN,5200.00,6400.00,10500.00
YPMQ,2019-11-05 05:00,SCT,BKN,BKN,3400.00,4300.00,6100.00
YPMQ,2019-11-06 18:00,NCD,,,,,
YPMQ,2019-11-07 12:00,BKN,BKN,,200.00,5000.00,
YPMQ,2019-11-07 14:00,NCD,,,,,
YPMQ,2019-11-07 15:00,SCT,,,5000.00,,
YPMQ,2019-11-07 16:00,SCT,,,6400.00,,
YPMQ,2019-11-07 17:00,BKN,,,5800.00,,
YPMQ,2019-11-07 18:00,BKN,OVC,,100.00,2500.00,
YPMQ,2019-11-07 19:00,NCD,,,,,
YPMQ,2019-11-07 22:00,BKN,OVC,,2600.00,3300.00,
YPMQ,2019-11-08 11:00,SCT,OVC,,7400.00,9900.00,
YPMQ,2019-11-08 13:00,OVC,OVC,,6000.00,11500.00,
YPMQ,2019-11-08 14:00,BKN,OVC,,2900.00,4500.00,
YPMQ,2019-11-08 18:00,OVC,,,2100.00,,
YPMQ,2019-11-08 19:00,OVC,,,2500.00,,
YPMQ,2019-11-08 22:00,SCT,BKN,BKN,2000.00,2900.00,3500.00
YPMQ,2019-11-09 04:00,NCD,,,,,
YPMQ,2019-11-09 13:00,OVC,,,3800.00,,
YPMQ,2019-11-09 14:00,OVC,,,3200.00,,
YPMQ,2019-11-09 15:00,OVC,OVC,,2600.00,5500.00,
YPMQ,2019-11-09 16:00,OVC,,,4700.00,,
YPMQ,2019-11-09 18:00,SCT,,,4100.00,,
YPMQ,2019-11-09 19:00,NCD,,,,,
YPMQ,2019-11-09 20:00,NCD,,,,,
YPMQ,2019-11-10 11:00,OVC,,,5800.00,,
YPMQ,2019-11-10 12:00,BKN,OVC,,5600.00,10000.00,
YPMQ,2019-11-10 13:00,OVC,,,6000.00,,
YPMQ,2019-11-10 14:00,,,,,,
YPMQ,2019-11-10 15:00,BKN,,,6000.00,,
YPMQ,2019-11-10 16:00,SCT,,,6000.00,,
YPMQ,2019-11-10 17:00,BKN,,,5700.00,,
YPMQ,2019-11-10 18:00,SCT,OVC,,900.00,5500.00,
YPMQ,2019-11-10 19:00,OVC,,,5700.00,,
YPMQ,2019-11-10 20:00,OVC,,,5500.00,,
YPMQ,2019-11-10 21:00,OVC,,,5100.00,,
YPMQ,2019-11-10 22:00,BKN,,,5100.00,,
YPMQ,2019-11-11 18:00,OVC,,,2500.00,,
YPMQ,2019-11-11 19:00,OVC,,,1900.00,,
YPMQ,2019-11-11 20:00,OVC,,,1400.00,,
YPMQ,2019-11-11 21:00,SCT,OVC,,700.00,1100.00,
YPMQ,2019-11-11 22:00,OVC,,,800.00,,
YPMQ,2019-11-11 23:00,OVC,OVC,,600.00,1200.00,
YPMQ,2019-11-12 00:00,BKN,BKN,OVC,2100.00,2600.00,3100.00
YPMQ,2019-11-12 01:00,BKN,OVC,,2100.00,2600.00,
YPMQ,2019-11-12 02:00,OVC,OVC,,2500.00,3100.00,
YPMQ,2019-11-12 03:00,OVC,OVC,,3100.00,3700.00,
YPMQ,2019-11-12 12:00,BKN,OVC,,4000.00,4600.00,
YPMQ,2019-11-13 11:00,OVC,,,4900.00,,
YPMQ,2019-11-13 12:00,BKN,OVC,,5100.00,6000.00,
YPMQ,2019-11-13 13:00,OVC,OVC,,4700.00,5300.00,
YPMQ,2019-11-13 14:00,OVC,,,4000.00,,
YPMQ,2019-11-13 15:00,OVC,,,4200.00,,
YPMQ,2019-11-13 16:00,OVC,,,4200.00,,
YPMQ,2019-11-13 17:00,OVC,,,3800.00,,
YPMQ,2019-11-13 18:00,BKN,OVC,,2600.00,3200.00,
YPMQ,2019-11-13 19:00,OVC,,,1400.00,,
YPMQ,2019-11-13 20:00,SCT,OVC,,1000.00,2400.00,
YPMQ,2019-11-13 21:00,SCT,OVC,,900.00,1800.00,
YPMQ,2019-11-13 22:00,BKN,BKN,OVC,900.00,1600.00,2300.00
YPMQ,2019-11-14 18:00,OVC,,,1900.00,,
YPMQ,2019-11-14 19:00,OVC,,,1500.00,,
YPMQ,2019-11-14 20:00,OVC,,,1100.00,,
YPMQ,2019-11-14 21:00,OVC,,,900.00,,
YPMQ,2019-11-14 22:00,OVC,,,1100.00,,
YPMQ,2019-11-14 23:00,BKN,OVC,,1100.00,1300.00,
YPMQ,2019-11-15 00:00,SCT,OVC,,300.00,700.00,
YPMQ,2019-11-15 01:00,BKN,OVC,,1900.00,2500.00,
YPMQ,2019-11-15 02:00,OVC,OVC,,2600.00,3100.00,
YPMQ,2019-11-15 03:00,BKN,OVC,,2800.00,3300.00,
YPMQ,2019-11-15 04:00,OVC,OVC,,2800.00,3300.00,
YPMQ,2019-11-15 05:00,SCT,BKN,OVC,1800.00,2600.00,3100.00
YPMQ,2019-11-15 06:00,SCT,BKN,OVC,2700.00,3300.00,3900.00
YPMQ,2019-11-15 07:00,BKN,OVC,,3800.00,4400.00,
YPMQ,2019-11-15 11:00,BKN,OVC,,2600.00,3100.00,
YPMQ,2019-11-15 12:00,BKN,OVC,,200.00,2200.00,
YPMQ,2019-11-15 13:00,OVC,,,100.00,,
YPMQ,2019-11-15 14:00,SCT,SCT,BKN,100.00,500.00,1700.00
YPMQ,2019-11-15 15:00,SCT,BKN,OVC,2300.00,2800.00,4100.00
YPMQ,2019-11-15 16:00,OVC,,,2300.00,,
YPMQ,2019-11-15 17:00,OVC,,,1900.00,,
YPMQ,2019-11-15 18:00,SCT,OVC,,2400.00,3800.00,
YPMQ,2019-11-16 14:00,SCT,BKN,OVC,3400.00,4300.00,5500.00
YPMQ,2019-11-17 15:00,NCD,,,,,
YPMQ,2019-11-17 16:00,NCD,,,,,
YPMQ,2019-11-17 17:00,SCT,BKN,BKN,3600.00,4400.00,6200.00
YPMQ,2019-11-17 18:00,SCT,,,7600.00,,
YPMQ,2019-11-17 19:00,SCT,SCT,BKN,3500.00,4100.00,5200.00
YPMQ,2019-11-17 20:00,SCT,,,4000.00,,
YPMQ,2019-11-18 18:00,SCT,OVC,,800.00,2300.00,
YPMQ,2019-11-18 20:00,OVC,,,1700.00,,
YPMQ,2019-11-18 21:00,OVC,,,1300.00,,
YPMQ,2019-11-18 22:00,OVC,,,1100.00,,
YPMQ,2019-11-18 23:00,OVC,,,900.00,,
YPMQ,2019-11-19 00:00,SCT,BKN,OVC,900.00,1700.00,2300.00
YPMQ,2019-11-19 01:00,BKN,OVC,,2900.00,3400.00,
YPMQ,2019-11-19 02:00,OVC,OVC,,2900.00,3600.00,
YPMQ,2019-11-19 03:00,SCT,OVC,,2600.00,3300.00,
YPMQ,2019-11-19 05:00,SCT,SCT,,3300.00,4200.00,
YPMQ,2019-11-19 10:00,OVC,,,8200.00,,
YPMQ,2019-11-19 11:00,OVC,,,7800.00,,
YPMQ,2019-11-19 12:00,SCT,OVC,,2200.00,6600.00,
YPMQ,2019-11-19 13:00,SCT,OVC,,1100.00,2200.00,
YPMQ,2019-11-19 14:00,OVC,,,1600.00,,
YPMQ,2019-11-19 15:00,OVC,,,1200.00,,
YPMQ,2019-11-19 16:00,BKN,OVC,,1200.00,3600.00,
YPMQ,2019-11-19 17:00,BKN,OVC,,3300.00,3900.00,
YPMQ,2019-11-19 18:00,OVC,,,3300.00,,
YPMQ,2019-11-19 19:00,OVC,OVC,,3500.00,4200.00,
YPMQ,2019-11-19 20:00,SCT,OVC,,3700.00,4700.00,
YPMQ,2019-11-20 14:00,SCT,OVC,,2700.00,3900.00,
YPMQ,2019-11-20 15:00,BKN,OVC,,2900.00,3500.00,
YPMQ,2019-11-20 16:00,OVC,,,3700.00,,
YPMQ,2019-11-20 17:00,OVC,,,4100.00,,
YPMQ,2019-11-20 19:00,BKN,OVC,,1300.00,3700.00,
YPMQ,2019-11-20 20:00,SCT,SCT,BKN,1100.00,2700.00,3200.00
YPMQ,2019-11-20 22:00,BKN,OVC,OVC,2200.00,2700.00,3100.00
YPMQ,2019-11-21 03:00,OVC,,,3800.00,,
YPMQ,2019-11-21 04:00,OVC,OVC,,4200.00,4800.00,
YPMQ,2019-11-21 19:00,SCT,BKN,OVC,2500.00,2900.00,12500.00
YPMQ,2019-11-21 20:00,OVC,OVC,,2500.00,12500.00,
YPMQ,2019-11-21 21:00,BKN,OVC,,2700.00,3400.00,
YPMQ,2019-11-21 22:00,BKN,OVC,,2700.00,3200.00,
YPMQ,2019-11-21 23:00,BKN,OVC,,2900.00,3500.00,
YPMQ,2019-11-22 00:00,OVC,OVC,,2900.00,3300.00,
YPMQ,2019-11-22 01:00,BKN,OVC,,2900.00,3500.00,
YPMQ,2019-11-22 13:00,OVC,,,5100.00,,
YPMQ,2019-11-22 17:00,OVC,,,4300.00,,
YPMQ,2019-11-22 19:00,BKN,OVC,,3800.00,5600.00,
YPMQ,2019-11-22 20:00,BKN,OVC,,2400.00,3400.00,
YPMQ,2019-11-22 22:00,BKN,OVC,,2600.00,3100.00,
YPMQ,2019-11-22 23:00,BKN,OVC,OVC,2400.00,2800.00,3200.00
YPMQ,2019-11-23 00:00,BKN,OVC,,2600.00,3200.00,
YPMQ,2019-11-23 01:00,OVC,,,2700.00,,
YPMQ,2019-11-23 02:00,OVC,,,2700.00,,
YPMQ,2019-11-23 03:00,BKN,OVC,,2800.00,3400.00,
YPMQ,2019-11-23 18:00,BKN,BKN,BKN,1300.00,1800.00,2600.00
YPMQ,2019-11-23 19:00,SCT,SCT,SCT,1100.00,1600.00,2400.00
YPMQ,2019-11-23 20:00,SCT,SCT,BKN,1000.00,1400.00,1900.00
YPMQ,2019-11-23 21:00,BKN,OVC,,1500.00,4900.00,
YPMQ,2019-11-23 22:00,OVC,OVC,,1500.00,2100.00,
YPMQ,2019-11-25 01:00,BKN,OVC,,2400.00,2800.00,
YPMQ,2019-11-25 13:00,NCD,,,,,
YPMQ,2019-11-25 14:00,SCT,,,4800.00,,
YPMQ,2019-11-25 18:00,SCT,BKN,BKN,300.00,2800.00,3200.00
YPMQ,2019-11-25 19:00,OVC,,,100.00,,
YPMQ,2019-11-27 15:00,,,,,,
YPMQ,2019-11-28 15:00,OVC,,,900.00,,
YPMQ,2019-11-28 16:00,OVC,,,1000.00,,
YPMQ,2019-11-28 17:00,BKN,OVC,,1000.00,1300.00,
YPMQ,2019-11-28 18:00,OVC,OVC,,1000.00,1400.00,
YPMQ,2019-11-28 19:00,OVC,,,1000.00,,
YPMQ,2019-11-28 20:00,OVC,,,800.00,,
YPMQ,2019-11-28 21:00,OVC,,,1000.00,,
YPMQ,2019-11-28 22:00,OVC,,,1200.00,,
YPMQ,2019-11-28 23:00,BKN,OVC,,1400.00,2000.00,
YPMQ,2019-11-30 09:00,SCT,SCT,BKN,4200.00,6300.00,9500.00
YPMQ,2019-11-30 10:00,SCT,,,11000.00,,
YPMQ,2019-11-30 12:00,NCD,,,,,
YPMQ,2019-11-30 13:00,NCD,,,,,
YPMQ,2019-11-30 15:00,SCT,,,400.00,,
YPMQ,2019-11-30 17:00,SCT,,,1900.00,,
YPMQ,2019-11-30 18:00,SCT,OVC,,1700.00,2500.00,
YPMQ,2019-11-30 19:00,BKN,,,2400.00,,
YPMQ,2019-12-01 13:00,NCD,,,,,
YPMQ,2019-12-01 14:00,NCD,,,,,
YPMQ,2019-12-01 15:00,BKN,,,200.00,,
YPMQ,2019-12-01 16:00,NCD,,,,,
YPMQ,2019-12-01 18:00,NCD,,,,,
YPMQ,2019-12-01 19:00,NCD,,,,,
YPMQ,2019-12-02 00:00,SCT,,,9800.00,,
YPMQ,2019-12-02 01:00,SCT,,,9800.00,,
YPMQ,2019-12-02 02:00,BKN,OVC,,9100.00,10500.00,
YPMQ,2019-12-02 03:00,BKN,BKN,,9400.00,11000.00,
YPMQ,2019-12-02 04:00,BKN,,,9900.00,,
YPMQ,2019-12-02 06:00,SCT,,,11000.00,,
YPMQ,2019-12-03 15:00,,,,,,
YPMQ,2019-12-03 16:00,SCT,,,3000.00,,
YPMQ,2019-12-03 17:00,OVC,,,3700.00,,
YPMQ,2019-12-03 18:00,OVC,,,3300.00,,
YPMQ,2019-12-03 19:00,SCT,,,3300.00,,
YPMQ,2019-12-04 14:00,NCD,,,,,
YPMQ,2019-12-04 15:00,,,,,,
YPMQ,2019-12-04 16:00,NCD,,,,,
YPMQ,2019-12-04 17:00,NCD,,,,,
YPMQ,2019-12-04 18:00,SCT,,,500.00,,
YPMQ,2019-12-04 19:00,NCD,,,,,
YPMQ,2019-12-04 20:00,NCD,,,,,
YPMQ,2019-12-05 18:00,OVC,,,1900.00,,
YPMQ,2019-12-05 19:00,OVC,,,1900.00,,
YPMQ,2019-12-05 20:00,BKN,OVC,,1700.00,2000.00,
YPMQ,2019-12-05 21:00,OVC,OVC,,2000.00,2400.00,
YPMQ,2019-12-05 22:00,SCT,OVC,,2400.00,3300.00,
YPMQ,2019-12-06 07:00,NCD,,,,,
YPMQ,2019-12-06 08:00,NCD,,,,,
YPMQ,2019-12-06 09:00,NCD,,,,,
YPMQ,2019-12-06 10:00,NCD,,,,,
YPMQ,2019-12-06 11:00,NCD,,,,,
YPMQ,2019-12-06 12:00,NCD,,,,,
YPMQ,2019-12-06 13:00,NCD,,,,,
YPMQ,2019-12-06 14:00,NCD,,,,,
YPMQ,2019-12-06 15:00,SCT,,,900.00,,
YPMQ,2019-12-06 16:00,,,,,,
YPMQ,2019-12-06 17:00,OVC,,,4300.00,,
YPMQ,2019-12-06 18:00,OVC,,,4900.00,,
YPMQ,2019-12-07 12:00,NCD,,,,,
YPMQ,2019-12-07 13:00,SCT,BKN,,2300.00,6500.00,
YPMQ,2019-12-07 14:00,SCT,SCT,,2000.00,7100.00,
YPMQ,2019-12-07 15:00,BKN,,,2200.00,,
YPMQ,2019-12-07 16:00,SCT,,,2100.00,,
YPMQ,2019-12-07 17:00,NCD,,,,,
YPMQ,2019-12-07 18:00,SCT,SCT,,1400.00,2200.00,
YPMQ,2019-12-07 19:00,BKN,,,2300.00,,
YPMQ,2019-12-07 20:00,NCD,,,,,
YPMQ,2019-12-08 22:00,OVC,,,2100.00,,
YPMQ,2019-12-09 14:00,OVC,,,1500.00,,
YPMQ,2019-12-09 18:00,BKN,OVC,,1000.00,3400.00,
YPMQ,2019-12-09 19:00,SCT,OVC,,1000.00,3300.00,
YPMQ,2019-12-09 20:00,BKN,OVC,OVC,700.00,2900.00,3500.00
YPMQ,2019-12-09 23:00,BKN,BKN,,2100.00,2500.00,
YPMQ,2019-12-10 15:00,SCT,BKN,OVC,1400.00,10000.00,12000.00
YPMQ,2019-12-10 16:00,SCT,SCT,BKN,1700.00,9700.00,11500.00
YPMQ,2019-12-10 17:00,NCD,,,,,
YPMQ,2019-12-11 09:00,BKN,OVC,,1400.00,1900.00,
YPMQ,2019-12-11 10:00,BKN,BKN,OVC,1200.00,1700.00,3000.00
YPMQ,2019-12-11 12:00,OVC,,,1200.00,,
YPMQ,2019-12-11 13:00,SCT,OVC,,2600.00,3200.00,
YPMQ,2019-12-11 17:00,OVC,,,1200.00,,
YPMQ,2019-12-12 13:00,BKN,OVC,,1700.00,2300.00,
YPMQ,2019-12-12 14:00,OVC,,,1900.00,,
YPMQ,2019-12-13 07:00,SCT,BKN,BKN,900.00,1300.00,2100.00
YPMQ,2019-12-13 08:00,SCT,SCT,BKN,800.00,1400.00,2000.00
YPMQ,2019-12-13 09:00,SCT,SCT,OVC,300.00,1700.00,2400.00
YPMQ,2019-12-13 11:00,BKN,BKN,OVC,1700.00,2300.00,2700.00
YPMQ,2019-12-13 12:00,BKN,BKN,BKN,1300.00,1700.00,2100.00
YPMQ,2019-12-13 14:00,SCT,OVC,,300.00,1900.00,
YPMQ,2019-12-13 15:00,BKN,OVC,,2100.00,2500.00,
YPMQ,2019-12-13 16:00,SCT,OVC,,1600.00,2400.00,
YPMQ,2019-12-13 18:00,SCT,OVC,,2300.00,4000.00,
YPMQ,2019-12-13 19:00,SCT,OVC,,4200.00,5500.00,
YPMQ,2019-12-14 06:00,BKN,,,1400.00,,
YPMQ,2019-12-14 07:00,OVC,,,1200.00,,
YPMQ,2019-12-14 12:00,NCD,,,,,
YPMQ,2019-12-14 14:00,,,,,,
YPMQ,2019-12-14 15:00,OVC,,,200.00,,
YPMQ,2019-12-14 16:00,SCT,,,1800.00,,
YPMQ,2019-12-14 17:00,SCT,OVC,,200.00,2200.00,
YPMQ,2019-12-14 18:00,SCT,SCT,SCT,3500.00,7900.00,9200.00
YPMQ,2019-12-14 19:00,BKN,BKN,,200.00,3200.00,
YPMQ,2019-12-14 20:00,OVC,,,7200.00,,
YPMQ,2019-12-15 16:00,NCD,,,,,
YPMQ,2019-12-15 17:00,,,,,,
YPMQ,2019-12-15 18:00,NCD,,,,,
YPMQ,2019-12-15 19:00,NCD,,,,,
YPMQ,2019-12-16 01:00,NCD,,,,,
YPMQ,2019-12-16 03:00,NCD,,,,,
YPMQ,2019-12-16 04:00,NCD,,,,,
YPMQ,2019-12-16 05:00,SCT,,,2500.00,,
YPMQ,2019-12-17 12:00,NCD,,,,,
YPMQ,2019-12-17 13:00,SCT,,,3300.00,,
YPMQ,2019-12-17 14:00,NCD,,,,,
YPMQ,2019-12-17 15:00,NCD,,,,,
YPMQ,2019-12-17 16:00,NCD,,,,,
YPMQ,2019-12-17 17:00,NCD,,,,,
YPMQ,2019-12-17 18:00,,,,,,
YPMQ,2019-12-17 19:00,,,,,,
YPMQ,2019-12-17 20:00,NCD,,,,,
YPMQ,2019-12-20 12:00,BKN,,,2700.00,,
YPMQ,2019-12-20 13:00,NCD,,,,,
YPMQ,2019-12-20 14:00,NCD,,,,,
YPMQ,2019-12-20 15:00,SCT,,,1700.00,,
YPMQ,2019-12-20 16:00,OVC,,,500.00,,
YPMQ,2019-12-20 17:00,SCT,BKN,OVC,500.00,1000.00,1400.00
YPMQ,2019-12-20 18:00,OVC,,,200.00,,
YPMQ,2019-12-20 19:00,BKN,OVC,,100.00,500.00,
YPMQ,2019-12-20 20:00,OVC,,,100.00,,
YPMQ,2019-12-23 01:00,OVC,,,1400.00,,
YPMQ,2019-12-23 02:00,OVC,,,1400.00,,
YPMQ,2019-12-23 05:00,SCT,OVC,OVC,1400.00,2000.00,2600.00
YPMQ,2019-12-23 06:00,BKN,OVC,,1400.00,1700.00,
YPMQ,2019-12-23 08:00,SCT,OVC,,1100.00,2500.00,
YPMQ,2019-12-23 09:00,SCT,OVC,OVC,600.00,1200.00,2100.00
YPMQ,2019-12-23 10:00,BKN,OVC,,1100.00,2000.00,
YPMQ,2019-12-23 11:00,BKN,OVC,,2300.00,2800.00,
YPMQ,2019-12-23 12:00,SCT,BKN,BKN,300.00,1200.00,1800.00
YPMQ,2019-12-23 13:00,SCT,BKN,,5300.00,6300.00,
YPMQ,2019-12-23 14:00,SCT,BKN,,2600.00,6100.00,
YPMQ,2019-12-23 15:00,SCT,OVC,,2100.00,3300.00,
YPMQ,2019-12-23 16:00,BKN,OVC,OVC,1700.00,2500.00,3100.00
YPMQ,2019-12-23 18:00,OVC,,,1400.00,,
YPMQ,2019-12-23 19:00,OVC,,,1100.00,,
YPMQ,2019-12-23 20:00,OVC,,,1100.00,,
YPMQ,2019-12-24 04:00,SCT,BKN,OVC,1000.00,2400.00,3400.00
YPMQ,2019-12-24 05:00,BKN,BKN,OVC,1200.00,1600.00,2400.00
YPMQ,2019-12-24 06:00,SCT,OVC,,1200.00,1900.00,
YPMQ,2019-12-24 08:00,BKN,,,1400.00,,
YPMQ,2019-12-24 14:00,BKN,OVC,,2300.00,2900.00,
YPMQ,2019-12-24 15:00,NCD,,,,,
YPMQ,2019-12-24 16:00,BKN,OVC,OVC,4700.00,5400.00,6700.00
YPMQ,2019-12-24 17:00,BKN,BKN,OVC,600.00,5000.00,7500.00
YPMQ,2019-12-24 18:00,SCT,SCT,BKN,1600.00,2400.00,3700.00
YPMQ,2019-12-24 20:00,SCT,SCT,BKN,1900.00,2500.00,3400.00
YPMQ,2019-12-25 16:00,BKN,,,3400.00,,
YPMQ,2019-12-25 17:00,SCT,OVC,,3700.00,4300.00,
YPMQ,2019-12-25 18:00,NCD,,,,,
YPMQ,2019-12-25 19:00,OVC,,,4500.00,,
YPMQ,2019-12-25 20:00,BKN,,,5100.00,,
YPMQ,2019-12-26 18:00,,,,,,
YPMQ,2019-12-27 19:00,NCD,,,,,
YPMQ,2019-12-28 07:00,NCD,,,,,
YPMQ,2020-01-02 20:00,OVC,,,2400.00,,
YPMQ,2020-01-04 20:00,OVC,,,2500.00,,
YPMQ,2020-01-04 21:00,OVC,,,2500.00,,
YPMQ,2020-01-04 22:00,BKN,OVC,,2300.00,3000.00,
YPMQ,2020-01-04 23:00,BKN,BKN,OVC,2500.00,2900.00,3400.00
YPMQ,2020-01-05 08:00,BKN,OVC,,2700.00,3500.00,
YPMQ,2020-01-05 09:00,OVC,,,2000.00,,
YPMQ,2020-01-05 10:00,SCT,SCT,OVC,1800.00,2200.00,2900.00
YPMQ,2020-01-05 12:00,SCT,BKN,OVC,1400.00,2100.00,2800.00
YPMQ,2020-01-05 16:00,SCT,BKN,BKN,700.00,1200.00,2200.00
YPMQ,2020-01-05 17:00,BKN,BKN,OVC,600.00,1000.00,1700.00
YPMQ,2020-01-05 18:00,BKN,OVC,,1800.00,5200.00,
YPMQ,2020-01-06 07:00,BKN,BKN,,900.00,1200.00,
YPMQ,2020-01-06 08:00,BKN,OVC,,900.00,2400.00,
YPMQ,2020-01-06 10:00,BKN,BKN,OVC,1400.00,1800.00,5500.00
YPMQ,2020-01-06 12:00,BKN,OVC,,1200.00,4900.00,
YPMQ,2020-01-06 13:00,SCT,OVC,,1000.00,5300.00,
YPMQ,2020-01-06 14:00,BKN,OVC,,1200.00,5300.00,
YPMQ,2020-01-06 16:00,NCD,,,,,
YPMQ,2020-01-06 18:00,SCT,,,5900.00,,
YPMQ,2020-01-06 19:00,SCT,,,5900.00,,
YPMQ,2020-01-08 13:00,BKN,OVC,,100.00,500.00,
YPMQ,2020-01-08 14:00,NCD,,,,,
YPMQ,2020-01-08 15:00,NCD,,,,,
YPMQ,2020-01-08 16:00,SCT,,,3800.00,,
YPMQ,2020-01-08 17:00,SCT,,,2300.00,,
YPMQ,2020-01-08 18:00,SCT,,,2300.00,,
YPMQ,2020-01-08 19:00,SCT,,,12500.00,,
YPMQ,2020-01-08 20:00,,,,,,
YPMQ,2020-01-08 21:00,SCT,,,400.00,,
YPMQ,2020-01-09 00:00,SCT,SCT,BKN,800.00,1400.00,12500.00
YPMQ,2020-01-09 02:00,SCT,SCT,BKN,1500.00,11000.00,12000.00
YPMQ,2020-01-09 03:00,SCT,SCT,SCT,2400.00,5400.00,8300.00
YPMQ,2020-01-09 04:00,SCT,BKN,BKN,800.00,1200.00,3100.00
YPMQ,2020-01-09 12:00,NCD,,,,,
YPMQ,2020-01-09 13:00,NCD,,,,,
YPMQ,2020-01-09 14:00,NCD,,,,,
YPMQ,2020-01-09 15:00,NCD,,,,,
YPMQ,2020-01-09 16:00,NCD,,,,,
YPMQ,2020-01-09 17:00,NCD,,,,,
YPMQ,2020-01-09 18:00,NCD,,,,,
YPMQ,2020-01-09 19:00,NCD,,,,,
YPMQ,2020-01-11 10:00,OVC,,,1800.00,,
YPMQ,2020-01-11 11:00,BKN,BKN,OVC,1000.00,1700.00,2500.00
YPMQ,2020-01-11 12:00,BKN,OVC,,500.00,1800.00,
YPMQ,2020-01-11 14:00,SCT,BKN,BKN,1700.00,2200.00,2800.00
YPMQ,2020-01-13 12:00,NCD,,,,,
YPMQ,2020-01-13 13:00,NCD,,,,,
YPMQ,2020-01-13 17:00,OVC,,,5800.00,,
YPMQ,2020-01-14 12:00,NCD,,,,,
YPMQ,2020-01-14 14:00,NCD,,,,,
YPMQ,2020-01-14 15:00,NCD,,,,,
YPMQ,2020-01-14 16:00,NCD,,,,,
YPMQ,2020-01-14 17:00,SCT,,,4500.00,,
YPMQ,2020-01-14 18:00,NCD,,,,,
YPMQ,2020-01-14 19:00,OVC,OVC,,2700.00,3400.00,
YPMQ,2020-01-16 08:00,SCT,BKN,OVC,1400.00,3000.00,3800.00
YPMQ,2020-01-16 09:00,SCT,OVC,,7400.00,9400.00,
YPMQ,2020-01-16 14:00,BKN,OVC,,300.00,1600.00,
YPMQ,2020-01-16 16:00,SCT,OVC,,3300.00,12000.00,
YPMQ,2020-01-16 17:00,BKN,,,9600.00,,
YPMQ,2020-01-16 18:00,OVC,,,10000.00,,
YPMQ,2020-01-16 19:00,SCT,SCT,OVC,200.00,1300.00,11000.00
YPMQ,2020-01-16 20:00,OVC,OVC,,4700.00,5800.00,
YPMQ,2020-01-17 08:00,SCT,BKN,BKN,1100.00,1800.00,3400.00
YPMQ,2020-01-17 09:00,SCT,SCT,BKN,1800.00,2600.00,3500.00
YPMQ,2020-01-17 11:00,BKN,BKN,OVC,500.00,2600.00,9300.00
YPMQ,2020-01-17 19:00,BKN,BKN,BKN,2000.00,5300.00,6200.00
YPMQ,2020-01-18 02:00,SCT,SCT,BKN,400.00,1200.00,1700.00
YPMQ,2020-01-18 03:00,SCT,SCT,OVC,400.00,1300.00,3100.00
YPMQ,2020-01-18 04:00,SCT,BKN,OVC,2300.00,3500.00,4800.00
YPMQ,2020-01-18 06:00,BKN,BKN,OVC,1200.00,1800.00,3100.00
YPMQ,2020-01-18 12:00,BKN,BKN,BKN,2100.00,3500.00,5000.00
YPMQ,2020-01-18 13:00,SCT,BKN,BKN,1000.00,2200.00,4000.00
YPMQ,2020-01-18 15:00,SCT,BKN,OVC,5100.00,6100.00,7600.00
YPMQ,2020-01-18 17:00,SCT,OVC,,9500.00,12000.00,
YPMQ,2020-01-18 19:00,BKN,BKN,OVC,1100.00,2000.00,4500.00
YPMQ,2020-01-18 20:00,BKN,OVC,,600.00,1100.00,
YPMQ,2020-01-18 21:00,SCT,SCT,BKN,800.00,2900.00,8100.00
YPMQ,2020-01-18 22:00,BKN,OVC,,500.00,1700.00,
YPMQ,2020-01-18 23:00,BKN,OVC,,900.00,1200.00,
YPMQ,2020-01-19 00:00,BKN,OVC,,1200.00,2400.00,
YPMQ,2020-01-19 01:00,BKN,BKN,OVC,500.00,800.00,1200.00
YPMQ,2020-01-19 02:00,BKN,BKN,OVC,600.00,1100.00,1700.00
YPMQ,2020-01-21 12:00,BKN,,,1000.00,,
YPMQ,2020-01-21 14:00,OVC,OVC,,1100.00,1400.00,
YPMQ,2020-01-21 15:00,OVC,,,1100.00,,
YPMQ,2020-01-21 16:00,OVC,OVC,,1100.00,2900.00,
YPMQ,2020-01-22 11:00,OVC,,,800.00,,
YPMQ,2020-01-22 12:00,OVC,,,1000.00,,
YPMQ,2020-01-22 13:00,OVC,,,1000.00,,
YPMQ,2020-01-22 14:00,OVC,,,1000.00,,
YPMQ,2020-01-29 09:00,BKN,OVC,,1400.00,4700.00,
YPMQ,2020-01-29 12:00,OVC,,,1200.00,,
YPMQ,2020-01-29 13:00,OVC,,,1200.00,,
YPMQ,2020-01-29 14:00,OVC,,,1200.00,,
YPMQ,2020-01-29 15:00,BKN,OVC,,1200.00,2000.00,
YPMQ,2020-01-29 16:00,BKN,BKN,OVC,1000.00,2000.00,3500.00
YPMQ,2020-02-03 06:00,SCT,BKN,,1000.00,9800.00,
YPMQ,2020-02-05 15:00,SCT,OVC,,3000.00,6200.00,
YPMQ,2020-02-05 20:00,SCT,SCT,OVC,2000.00,3200.00,3600.00
YPMQ,2020-02-05 22:00,SCT,BKN,OVC,600.00,1300.00,1900.00
YPMQ,2020-02-05 23:00,BKN,BKN,OVC,500.00,900.00,1300.00
YPMQ,2020-02-06 01:00,SCT,BKN,OVC,1600.00,2900.00,3400.00
YPMQ,2020-02-06 11:00,BKN,BKN,OVC,1500.00,3300.00,5700.00
YPMQ,2020-02-06 13:00,SCT,BKN,OVC,900.00,1500.00,7100.00
YPMQ,2020-02-06 14:00,BKN,BKN,OVC,1000.00,5800.00,7000.00
YPMQ,2020-02-06 15:00,BKN,BKN,BKN,1700.00,2700.00,5500.00
YPMQ,2020-02-06 20:00,SCT,BKN,OVC,800.00,1500.00,2400.00
YPMQ,2020-02-07 04:00,SCT,BKN,OVC,1500.00,2400.00,3200.00
YPMQ,2020-02-07 09:00,SCT,BKN,,1300.00,8600.00,
YPMQ,2020-02-07 11:00,SCT,SCT,BKN,1900.00,3200.00,4000.00
YPMQ,2020-02-07 16:00,SCT,SCT,BKN,600.00,1000.00,1900.00
YPMQ,2020-02-07 17:00,SCT,BKN,BKN,300.00,1500.00,2400.00
YPMQ,2020-02-07 19:00,SCT,OVC,,200.00,1500.00,
YPMQ,2020-02-07 23:00,OVC,,,1000.00,,
YPMQ,2020-02-08 00:00,BKN,BKN,OVC,1200.00,1700.00,3700.00
YPMQ,2020-02-08 04:00,BKN,BKN,OVC,800.00,2000.00,2400.00
YPMQ,2020-02-08 06:00,BKN,BKN,OVC,1300.00,1700.00,3300.00
YPMQ,2020-02-08 08:00,SCT,SCT,OVC,800.00,1300.00,2200.00
YPMQ,2020-02-08 10:00,SCT,BKN,BKN,600.00,1900.00,2800.00
YPMQ,2020-02-08 11:00,BKN,BKN,OVC,500.00,900.00,1400.00
YPMQ,2020-02-08 13:00,BKN,BKN,OVC,600.00,1000.00,2200.00
YPMQ,2020-02-08 14:00,BKN,BKN,OVC,500.00,1200.00,2000.00
YPMQ,2020-02-08 15:00,SCT,SCT,BKN,600.00,1600.00,2200.00
YPMQ,2020-02-08 16:00,SCT,SCT,BKN,600.00,1100.00,1800.00
YPMQ,2020-02-08 17:00,SCT,BKN,BKN,1000.00,1900.00,2900.00
YPMQ,2020-02-08 18:00,BKN,OVC,,1000.00,1300.00,
YPMQ,2020-02-08 19:00,SCT,SCT,BKN,500.00,7300.00,8400.00
YPMQ,2020-02-08 20:00,BKN,BKN,OVC,400.00,7000.00,9800.00
YPMQ,2020-02-08 21:00,BKN,BKN,BKN,3100.00,7100.00,10000.00
YPMQ,2020-02-08 22:00,SCT,SCT,BKN,1400.00,3700.00,4900.00
YPMQ,2020-02-08 23:00,BKN,BKN,OVC,600.00,1700.00,3300.00
YPMQ,2020-02-09 00:00,BKN,OVC,,600.00,1100.00,
YPMQ,2020-02-09 03:00,BKN,OVC,,800.00,1500.00,
YPMQ,2020-02-09 04:00,SCT,BKN,OVC,1200.00,2000.00,2400.00
YPMQ,2020-02-09 05:00,BKN,OVC,,1400.00,2200.00,
YPMQ,2020-02-09 15:00,SCT,,,3100.00,,
YPMQ,2020-02-09 16:00,,,,,,
YPMQ,2020-02-09 17:00,SCT,SCT,SCT,200.00,2500.00,4100.00
YPMQ,2020-02-09 18:00,SCT,,,100.00,,
YPMQ,2020-02-09 19:00,BKN,,,100.00,,
YPMQ,2020-02-09 20:00,OVC,,,200.00,,
YPMQ,2020-02-09 21:00,OVC,,,200.00,,
YPMQ,2020-02-09 22:00,OVC,,,200.00,,
YPMQ,2020-02-09 23:00,BKN,,,300.00,,
YPMQ,2020-02-10 00:00,SCT,,,1300.00,,
YPMQ,2020-02-10 07:00,SCT,SCT,SCT,900.00,1400.00,2000.00
YPMQ,2020-02-10 09:00,BKN,BKN,,700.00,1300.00,
YPMQ,2020-02-10 11:00,OVC,,,1000.00,,
YPMQ,2020-02-10 18:00,OVC,,,1200.00,,
YPMQ,2020-02-10 20:00,OVC,,,1100.00,,
YPMQ,2020-02-10 22:00,OVC,,,1300.00,,
YPMQ,2020-02-11 01:00,BKN,,,1400.00,,
YPMQ,2020-02-11 07:00,BKN,BKN,OVC,1500.00,2100.00,5000.00
YPMQ,2020-02-11 08:00,SCT,BKN,OVC,1100.00,1900.00,3700.00
YPMQ,2020-02-11 09:00,BKN,OVC,OVC,800.00,1500.00,2000.00
YPMQ,2020-02-11 10:00,SCT,BKN,BKN,800.00,1500.00,2300.00
YPMQ,2020-02-11 11:00,SCT,SCT,BKN,800.00,6700.00,9800.00
YPMQ,2020-02-11 12:00,SCT,,,500.00,,
YPMQ,2020-02-11 15:00,BKN,BKN,OVC,1000.00,3800.00,4500.00
YPMQ,2020-02-12 03:00,SCT,BKN,BKN,900.00,1300.00,3100.00
YPMQ,2020-02-12 04:00,SCT,SCT,BKN,1100.00,1800.00,2500.00
YPMQ,2020-02-12 06:00,SCT,BKN,OVC,1400.00,1900.00,2800.00
YPMQ,2020-02-12 09:00,SCT,BKN,BKN,800.00,1500.00,2300.00
YPMQ,2020-02-12 10:00,SCT,BKN,BKN,3000.00,4700.00,7100.00
YPMQ,2020-02-12 11:00,SCT,BKN,OVC,1800.00,3400.00,9200.00
YPMQ,2020-02-12 12:00,BKN,OVC,,500.00,2300.00,
YPMQ,2020-02-12 13:00,SCT,BKN,BKN,500.00,1500.00,3400.00
YPMQ,2020-02-12 14:00,SCT,SCT,BKN,1400.00,2300.00,4400.00
YPMQ,2020-02-12 18:00,SCT,SCT,BKN,400.00,2100.00,2800.00
YPMQ,2020-02-12 20:00,BKN,OVC,,1400.00,2000.00,
YPMQ,2020-02-12 21:00,BKN,OVC,,1300.00,2100.00,
YPMQ,2020-02-13 08:00,BKN,BKN,OVC,1800.00,2400.00,3100.00
YPMQ,2020-02-13 14:00,BKN,BKN,BKN,1700.00,2300.00,3600.00
YPMQ,2020-02-13 16:00,BKN,BKN,OVC,1100.00,2400.00,4600.00
YPMQ,2020-02-13 17:00,BKN,BKN,BKN,600.00,1200.00,3400.00
YPMQ,2020-02-13 18:00,SCT,BKN,BKN,1000.00,1500.00,3100.00
YPMQ,2020-02-13 19:00,SCT,SCT,BKN,1700.00,2200.00,2700.00
YPMQ,2020-02-14 17:00,NCD,,,,,
YPMQ,2020-02-17 05:00,BKN,OVC,OVC,1300.00,2500.00,3200.00
YPMQ,2020-02-21 14:00,BKN,OVC,,5400.00,6300.00,
YPMQ,2020-02-21 17:00,BKN,BKN,OVC,3700.00,4900.00,5600.00
YPMQ,2020-02-21 19:00,SCT,BKN,OVC,3100.00,3700.00,4300.00
YPMQ,2020-02-22 01:00,SCT,SCT,BKN,700.00,1600.00,2200.00
YPMQ,2020-02-22 02:00,SCT,OVC,,3200.00,4200.00,
YPMQ,2020-02-22 09:00,SCT,OVC,,3200.00,4300.00,
YPMQ,2020-02-23 12:00,SCT,BKN,BKN,2000.00,2500.00,3300.00
YPMQ,2020-02-23 14:00,SCT,SCT,BKN,2100.00,3200.00,3600.00
YPMQ,2020-02-23 16:00,SCT,BKN,BKN,1800.00,3500.00,4100.00
YPMQ,2020-02-23 17:00,SCT,BKN,OVC,300.00,1000.00,2500.00
YPMQ,2020-02-23 18:00,BKN,BKN,BKN,1900.00,3400.00,4100.00
YPMQ,2020-02-23 19:00,BKN,BKN,BKN,1500.00,2400.00,3200.00
YPMQ,2020-02-23 20:00,BKN,BKN,OVC,600.00,3500.00,4400.00
YPMQ,2020-02-23 22:00,SCT,SCT,SCT,300.00,1800.00,3000.00
YPMQ,2020-02-23 23:00,OVC,,,1600.00,,
YPMQ,2020-02-24 00:00,BKN,OVC,OVC,2400.00,3400.00,4100.00
YPMQ,2020-02-24 01:00,BKN,BKN,OVC,600.00,3600.00,4200.00
YPMQ,2020-02-24 02:00,SCT,BKN,BKN,1000.00,1500.00,3200.00
YPMQ,2020-03-03 10:00,SCT,BKN,OVC,1500.00,2100.00,3200.00
YPMQ,2020-03-03 11:00,SCT,BKN,BKN,900.00,1600.00,2000.00
YPMQ,2020-03-03 12:00,SCT,BKN,BKN,800.00,2100.00,3300.00
YPMQ,2020-03-03 13:00,SCT,BKN,OVC,300.00,600.00,1300.00
YPMQ,2020-03-03 14:00,SCT,OVC,OVC,1600.00,2300.00,2900.00
YPMQ,2020-03-03 15:00,SCT,BKN,BKN,500.00,2300.00,3000.00
YPMQ,2020-03-03 16:00,SCT,BKN,OVC,1500.00,2300.00,3100.00
YPMQ,2020-03-03 17:00,SCT,SCT,BKN,400.00,900.00,1400.00
YPMQ,2020-03-03 18:00,SCT,BKN,OVC,1700.00,2400.00,3300.00
YPMQ,2020-03-03 19:00,OVC,OVC,,2800.00,3300.00,
YPMQ,2020-03-05 03:00,SCT,BKN,BKN,1800.00,2400.00,3100.00
YPMQ,2020-03-06 13:00,BKN,,,1300.00,,
YPMQ,2020-03-07 13:00,BKN,OVC,OVC,5200.00,6400.00,10500.00
YPMQ,2020-03-07 18:00,SCT,BKN,BKN,1200.00,3200.00,4100.00
YPMQ,2020-03-08 14:00,SCT,SCT,BKN,600.00,1300.00,2500.00
YPMQ,2020-03-08 15:00,SCT,BKN,BKN,400.00,800.00,1300.00
YPMQ,2020-03-08 17:00,SCT,OVC,,500.00,1400.00,
YPMQ,2020-03-08 19:00,SCT,SCT,BKN,800.00,1500.00,2100.00
YPMQ,2020-03-09 00:00,BKN,BKN,,1200.00,6800.00,
YPMQ,2020-03-09 09:00,SCT,SCT,OVC,3100.00,3900.00,6200.00
YPMQ,2020-03-09 11:00,SCT,SCT,BKN,1800.00,3200.00,4100.00
YPMQ,2020-03-09 12:00,SCT,BKN,OVC,400.00,1100.00,1800.00
YPMQ,2020-03-09 13:00,SCT,OVC,,5800.00,7100.00,
YPMQ,2020-03-09 14:00,BKN,BKN,BKN,600.00,1300.00,2200.00
YPMQ,2020-03-09 16:00,SCT,BKN,OVC,1500.00,2400.00,3500.00
YPMQ,2020-03-09 18:00,SCT,SCT,BKN,800.00,2600.00,3600.00
YPMQ,2020-03-10 02:00,SCT,SCT,BKN,800.00,1300.00,2300.00
YPMQ,2020-03-10 03:00,SCT,BKN,BKN,800.00,1300.00,3500.00
YPMQ,2020-03-10 06:00,SCT,SCT,BKN,2700.00,3400.00,4400.00
YPMQ,2020-03-10 09:00,SCT,BKN,OVC,3000.00,4200.00,5000.00
YPMQ,2020-03-10 15:00,SCT,BKN,OVC,1600.00,3200.00,4000.00
YPMQ,2020-03-11 07:00,SCT,SCT,OVC,3200.00,4200.00,5500.00
YPMQ,2020-03-11 12:00,SCT,BKN,OVC,3300.00,4300.00,5600.00
YPMQ,2020-03-14 05:00,NCD,,,,,
YPMQ,2020-03-14 09:00,BKN,BKN,BKN,1000.00,2500.00,3500.00
YPMQ,2020-03-14 10:00,SCT,BKN,BKN,800.00,1600.00,2200.00
YPMQ,2020-03-14 11:00,BKN,BKN,BKN,1100.00,2600.00,3300.00
YPMQ,2020-03-14 12:00,SCT,BKN,OVC,1000.00,2300.00,2800.00
YPMQ,2020-03-14 13:00,SCT,BKN,BKN,2400.00,3300.00,4000.00
YPMQ,2020-03-14 14:00,SCT,SCT,BKN,3600.00,4700.00,5500.00
YPMQ,2020-03-14 15:00,SCT,BKN,OVC,4600.00,7200.00,9000.00
YPMQ,2020-03-14 19:00,SCT,BKN,OVC,1400.00,2300.00,2800.00
YPMQ,2020-03-14 20:00,SCT,BKN,BKN,1200.00,1700.00,2700.00
YPMQ,2020-03-14 21:00,SCT,BKN,BKN,1500.00,2800.00,4100.00
YPMQ,2020-03-15 00:00,SCT,BKN,BKN,1500.00,3500.00,5000.00
YPMQ,2020-03-15 01:00,SCT,SCT,BKN,1400.00,2600.00,3400.00
YPMQ,2020-03-15 06:00,SCT,BKN,BKN,1100.00,2300.00,3400.00
YPMQ,2020-03-15 08:00,SCT,BKN,OVC,3200.00,4200.00,5200.00
YPMQ,2020-03-15 16:00,BKN,BKN,BKN,2900.00,3800.00,5000.00
YPMQ,2020-03-15 22:00,SCT,SCT,BKN,1900.00,3000.00,4400.00
YPMQ,2020-03-16 02:00,SCT,SCT,BKN,1100.00,2200.00,4100.00
YPMQ,2020-03-16 07:00,SCT,BKN,OVC,2400.00,3500.00,4400.00
YPMQ,2020-03-16 11:00,SCT,SCT,BKN,2300.00,4300.00,8900.00
YPMQ,2020-03-16 12:00,SCT,BKN,OVC,1800.00,2600.00,3300.00
YPMQ,2020-03-16 14:00,SCT,SCT,OVC,1500.00,2000.00,2500.00
YPMQ,2020-03-16 17:00,SCT,BKN,OVC,1300.00,2600.00,4400.00
YPMQ,2020-03-16 19:00,SCT,SCT,BKN,2200.00,3600.00,5200.00
YPMQ,2020-03-17 08:00,SCT,BKN,BKN,2700.00,3500.00,4200.00
YPMQ,2020-03-17 10:00,SCT,SCT,BKN,2200.00,3800.00,5000.00
YPMQ,2020-03-17 22:00,OVC,,,2900.00,,
YPMQ,2020-03-23 00:00,SCT,BKN,OVC,2600.00,3200.00,4300.00
YPMQ,2020-03-23 16:00,BKN,OVC,OVC,2400.00,2700.00,3500.00
YPMQ,2020-03-23 18:00,SCT,BKN,OVC,2100.00,2800.00,3500.00
YPMQ,2020-03-25 08:00,BKN,OVC,,3300.00,4100.00,
YPMQ,2020-03-26 02:00,SCT,BKN,BKN,1000.00,1900.00,3000.00
YPMQ,2020-03-26 07:00,SCT,SCT,BKN,1200.00,2200.00,3400.00
YPMQ,2020-03-26 21:00,SCT,BKN,BKN,3000.00,3700.00,4600.00
YPMQ,2020-03-27 20:00,SCT,SCT,BKN,1500.00,1800.00,2700.00
YPMQ,2020-03-27 21:00,BKN,OVC,,1100.00,2200.00,
YPMQ,2020-03-27 22:00,BKN,BKN,OVC,1300.00,2000.00,2600.00
YPMQ,2020-03-27 23:00,SCT,BKN,OVC,600.00,1400.00,2600.00
YPMQ,2020-03-28 00:00,SCT,OVC,,600.00,1900.00,
YPMQ,2020-03-28 07:00,SCT,OVC,,1200.00,1600.00,
YPMQ,2020-03-28 10:00,BKN,BKN,BKN,2300.00,2900.00,3200.00
YPMQ,2020-03-28 11:00,SCT,BKN,BKN,800.00,2300.00,3600.00
YPMQ,2020-03-28 12:00,SCT,BKN,BKN,900.00,2000.00,2500.00
YPMQ,2020-03-28 15:00,BKN,BKN,OVC,900.00,2300.00,3500.00
YPMQ,2020-03-28 16:00,SCT,BKN,OVC,900.00,2200.00,9200.00
YPMQ,2020-03-28 17:00,SCT,BKN,OVC,700.00,1200.00,2300.00
YPMQ,2020-03-29 00:00,BKN,BKN,,1500.00,4700.00,
YPMQ,2020-03-30 05:00,OVC,,,10500.00,,
YPMQ,2020-04-01 15:00,NCD,,,,,
YPMQ,2020-04-03 06:00,SCT,SCT,BKN,1900.00,3800.00,6900.00
YPMQ,2020-04-06 23:00,SCT,BKN,OVC,3000.00,3600.00,4500.00
YPMQ,2020-04-07 16:00,BKN,OVC,,2400.00,3600.00,
YPMQ,2020-04-08 10:00,SCT,SCT,BKN,3700.00,4500.00,5500.00
YPMQ,2020-04-08 13:00,SCT,BKN,BKN,2800.00,3600.00,4300.00
YPMQ,2020-04-08 16:00,SCT,SCT,BKN,3500.00,4300.00,5000.00
YPMQ,2020-04-10 06:00,SCT,BKN,OVC,6600.00,7700.00,9900.00
YPMQ,2020-04-10 16:00,OVC,,,100.00,,
YPMQ,2020-04-10 17:00,BKN,,,100.00,,
YPMQ,2020-04-10 18:00,BKN,,,200.00,,
YPMQ,2020-04-10 19:00,OVC,,,100.00,,
YPMQ,2020-04-10 20:00,OVC,,,100.00,,
YPMQ,2020-04-10 21:00,OVC,,,200.00,,
YPMQ,2020-04-10 22:00,OVC,,,100.00,,
YPMQ,2020-04-11 19:00,NCD,,,,,
YPMQ,2020-04-14 15:00,NCD,,,,,
YPMQ,2020-04-14 19:00,NCD,,,,,
YPMQ,2020-04-15 18:00,OVC,,,100.00,,
YPMQ,2020-04-15 19:00,SCT,,,100.00,,
YPMQ,2020-04-15 20:00,SCT,,,300.00,,
YPMQ,2020-04-17 10:00,NCD,,,,,
YPMQ,2020-04-17 14:00,,,,,,
YPMQ,2020-04-17 15:00,NCD,,,,,
YPMQ,2020-04-17 16:00,SCT,,,1500.00,,
YPMQ,2020-04-17 20:00,BKN,,,100.00,,
YPMQ,2020-04-25 12:00,,,,,,
YPMQ,2020-04-25 18:00,BKN,,,100.00,,
YPMQ,2020-04-25 19:00,OVC,,,100.00,,
YPMQ,2020-04-25 20:00,BKN,,,100.00,,
YPMQ,2020-04-25 21:00,SCT,,,100.00,,
YPMQ,2020-04-25 22:00,NCD,,,,,
YPMQ,2020-04-27 08:00,SCT,SCT,BKN,1000.00,3500.00,4900.00
YPMQ,2020-04-27 09:00,SCT,SCT,OVC,3300.00,4900.00,6900.00
YPMQ,2020-04-27 10:00,BKN,BKN,OVC,1900.00,3600.00,4400.00
YPMQ,2020-04-27 11:00,SCT,SCT,BKN,2600.00,4000.00,4900.00
YPMQ,2020-04-27 14:00,BKN,BKN,OVC,1400.00,1900.00,2800.00
YPMQ,2020-04-27 18:00,SCT,SCT,OVC,2000.00,3100.00,5200.00
YPMQ,2020-04-27 19:00,BKN,BKN,OVC,1500.00,6600.00,10000.00
YPMQ,2020-04-28 17:00,SCT,,,200.00,,
YPMQ,2020-04-28 18:00,BKN,,,100.00,,
YPMQ,2020-04-28 19:00,OVC,,,100.00,,
YPMQ,2020-04-28 20:00,OVC,,,100.00,,
YPMQ,2020-04-28 21:00,OVC,,,100.00,,
YPMQ,2020-04-28 22:00,OVC,,,100.00,,
YPMQ,2020-04-28 23:00,SCT,,,100.00,,
YPMQ,2020-05-06 10:00,NCD,,,,,
YPMQ,2020-05-08 11:00,NCD,,,,,
YPMQ,2020-05-08 17:00,BKN,,,9600.00,,
YPMQ,2020-05-08 18:00,OVC,,,9800.00,,
YPMQ,2020-05-12 09:00,NCD,,,,,
YPMQ,2020-05-12 10:00,NCD,,,,,
YPMQ,2020-05-12 14:00,NCD,,,,,
YPMQ,2020-05-15 09:00,BKN,OVC,,3900.00,4800.00,
YPMQ,2020-05-15 10:00,SCT,BKN,OVC,1400.00,3100.00,3600.00
YPMQ,2020-05-15 11:00,SCT,SCT,BKN,1500.00,3300.00,4400.00
YPMQ,2020-05-15 15:00,SCT,SCT,BKN,3900.00,4800.00,6100.00
YPMQ,2020-05-16 05:00,SCT,BKN,OVC,4100.00,6000.00,7400.00
YPMQ,2020-05-16 15:00,SCT,BKN,BKN,1900.00,2700.00,3200.00
YPMQ,2020-05-17 07:00,SCT,SCT,BKN,2700.00,3600.00,4600.00
YPMQ,2020-05-17 17:00,SCT,SCT,BKN,2200.00,3100.00,3800.00
YPMQ,2020-05-18 11:00,,,,,,
YPMQ,2020-05-18 12:00,,,,,,
YPMQ,2020-05-18 13:00,,,,,,
YPMQ,2020-05-18 14:00,,,,,,
YPMQ,2020-05-18 15:00,NCD,,,,,
YPMQ,2020-05-18 16:00,SCT,,,7400.00,,
YPMQ,2020-05-18 19:00,SCT,SCT,BKN,2500.00,3300.00,4600.00
YPMQ,2020-05-19 10:00,NCD,,,,,
YPMQ,2020-05-19 11:00,NCD,,,,,
YPMQ,2020-05-21 09:00,SCT,,,200.00,,
YPMQ,2020-05-21 12:00,,,,,,
YPMQ,2020-05-23 02:00,BKN,,,4800.00,,
YPMQ,2020-05-24 07:00,SCT,BKN,BKN,3500.00,5500.00,7500.00
YPMQ,2020-05-25 04:00,OVC,,,11000.00,,
YPMQ,2020-05-25 15:00,SCT,OVC,,6700.00,8800.00,
YPMQ,2020-05-26 00:00,BKN,OVC,,2100.00,3200.00,
YPMQ,2020-05-26 01:00,SCT,BKN,BKN,1200.00,2400.00,3200.00
YPMQ,2020-05-26 05:00,BKN,OVC,OVC,1200.00,1700.00,2300.00
YPMQ,2020-05-26 06:00,BKN,BKN,OVC,1100.00,1600.00,2100.00
YPMQ,2020-05-26 07:00,BKN,OVC,,900.00,1600.00,
YPMQ,2020-05-26 08:00,SCT,BKN,BKN,1000.00,1500.00,2200.00
YPMQ,2020-05-26 10:00,SCT,BKN,OVC,1000.00,1600.00,2100.00
YPMQ,2020-05-28 13:00,SCT,,,6900.00,,
YPMQ,2020-05-28 16:00,,,,,,
YPMQ,2020-05-28 17:00,NCD,,,,,
YPMQ,2020-06-03 02:00,NCD,,,,,
YPMQ,2020-06-05 10:00,NCD,,,,,
YPMQ,2020-06-05 13:00,NCD,,,,,
YPMQ,2020-06-06 10:00,NCD,,,,,
YPMQ,2020-06-06 11:00,NCD,,,,,
YPMQ,2020-06-07 15:00,,,,,,
YPMQ,2020-06-07 18:00,NCD,,,,,
YPMQ,2020-06-09 01:00,SCT,SCT,,700.00,3300.00,
YPMQ,2020-06-09 02:00,BKN,OVC,,1600.00,4600.00,
YPMQ,2020-06-09 03:00,BKN,BKN,OVC,2000.00,2900.00,3300.00
YPMQ,2020-06-09 04:00,SCT,BKN,BKN,1700.00,3100.00,4200.00
YPMQ,2020-06-09 07:00,SCT,SCT,BKN,1200.00,2600.00,4100.00
YPMQ,2020-06-09 08:00,SCT,BKN,BKN,1200.00,2400.00,3100.00
YPMQ,2020-06-09 12:00,SCT,SCT,BKN,800.00,2600.00,4100.00
YPMQ,2020-06-09 13:00,SCT,BKN,BKN,2300.00,3600.00,6500.00
YPMQ,2020-06-09 14:00,SCT,BKN,OVC,800.00,1800.00,2200.00
YPMQ,2020-06-09 16:00,SCT,BKN,OVC,800.00,1300.00,1900.00
YPMQ,2020-06-09 17:00,SCT,SCT,BKN,400.00,900.00,1200.00
YPMQ,2020-06-09 18:00,BKN,OVC,OVC,1200.00,1700.00,2200.00
YPMQ,2020-06-09 19:00,SCT,BKN,BKN,1500.00,2200.00,2800.00
YPMQ,2020-06-10 03:00,SCT,BKN,BKN,2800.00,3200.00,4500.00
YPMQ,2020-06-10 10:00,OVC,,,11500.00,,
YPMQ,2020-06-10 14:00,SCT,SCT,BKN,2700.00,4700.00,6600.00
YPMQ,2020-06-10 16:00,SCT,BKN,OVC,2000.00,2900.00,3800.00
YPMQ,2020-06-10 17:00,SCT,BKN,OVC,900.00,2000.00,2500.00
YPMQ,2020-06-10 18:00,SCT,OVC,,400.00,1600.00,
YPMQ,2020-06-10 19:00,SCT,SCT,OVC,1900.00,2500.00,4400.00
YPMQ,2020-06-10 20:00,SCT,BKN,BKN,500.00,3400.00,3900.00
YPMQ,2020-06-10 21:00,SCT,OVC,,300.00,800.00,
YPMQ,2020-06-10 23:00,SCT,BKN,BKN,300.00,700.00,1300.00
YPMQ,2020-06-11 00:00,SCT,BKN,BKN,500.00,1100.00,1500.00
YPMQ,2020-06-11 01:00,OVC,,,600.00,,
YPMQ,2020-06-11 08:00,BKN,BKN,,1100.00,9400.00,
YPMQ,2020-06-11 09:00,BKN,,,1200.00,,
YPMQ,2020-06-12 08:00,SCT,BKN,BKN,1300.00,1700.00,3000.00
YPMQ,2020-06-13 09:00,NCD,,,,,
YPMQ,2020-06-13 19:00,BKN,,,700.00,,
YPMQ,2020-06-13 20:00,BKN,,,600.00,,
YPMQ,2020-06-16 11:00,NCD,,,,,
YPMQ,2020-06-16 12:00,NCD,,,,,
YPMQ,2020-06-17 13:00,SCT,BKN,BKN,1700.00,3300.00,4500.00
YPMQ,2020-06-17 14:00,SCT,SCT,BKN,500.00,2100.00,2600.00
YPMQ,2020-06-17 20:00,SCT,OVC,,2700.00,3500.00,
YPMQ,2020-06-17 21:00,SCT,SCT,BKN,1600.00,2400.00,2900.00
YPMQ,2020-06-17 22:00,SCT,BKN,BKN,2500.00,3200.00,4000.00
YPMQ,2020-06-18 00:00,SCT,BKN,OVC,4200.00,4700.00,5500.00
YPMQ,2020-06-18 10:00,SCT,BKN,BKN,2200.00,3500.00,4500.00
YPMQ,2020-06-21 09:00,NCD,,,,,
YPMQ,2020-06-21 11:00,SCT,SCT,SCT,100.00,5700.00,6600.00
YPMQ,2020-06-30 20:00,NCD,,,,,
YPMQ,2020-07-03 11:00,SCT,,,6500.00,,
YPMQ,2020-07-07 20:00,SCT,BKN,BKN,400.00,2600.00,3800.00
YPMQ,2020-07-08 00:00,BKN,BKN,OVC,600.00,3900.00,7200.00
YPMQ,2020-07-08 13:00,SCT,SCT,OVC,2600.00,3200.00,4000.00
YPMQ,2020-07-08 21:00,,,,,,
YPMQ,2020-07-12 12:00,NCD,,,,,
YPMQ,2020-07-12 13:00,NCD,,,,,
YPMQ,2020-07-12 18:00,NCD,,,,,
YPMQ,2020-07-14 01:00,SCT,SCT,BKN,2500.00,3500.00,4500.00
YPMQ,2020-07-14 04:00,SCT,SCT,,2600.00,5800.00,
YPMQ,2020-07-14 06:00,SCT,BKN,BKN,1700.00,2300.00,2600.00
YPMQ,2020-07-14 07:00,SCT,,,6800.00,,
YPMQ,2020-07-14 09:00,SCT,BKN,BKN,3400.00,4000.00,4700.00
YPMQ,2020-07-14 15:00,SCT,,,3200.00,,
YPMQ,2020-07-15 01:00,SCT,,,3700.00,,
YPMQ,2020-07-15 02:00,SCT,,,4100.00,,
YPMQ,2020-07-15 05:00,BKN,,,5000.00,,
YPMQ,2020-07-16 00:00,NCD,,,,,
YPMQ,2020-07-17 07:00,SCT,SCT,OVC,1300.00,1700.00,2700.00
YPMQ,2020-07-23 10:00,NCD,,,,,
YPMQ,2020-07-23 12:00,BKN,BKN,BKN,2400.00,3200.00,4300.00
YPMQ,2020-07-23 13:00,,,,,,
YPMQ,2020-07-23 14:00,SCT,,,100.00,,
YPMQ,2020-07-23 15:00,,,,,,
YPMQ,2020-07-23 16:00,NCD,,,,,
YPMQ,2020-07-24 13:00,BKN,BKN,,200.00,6700.00,
YPMQ,2020-07-24 14:00,OVC,,,100.00,,
YPMQ,2020-07-24 15:00,SCT,SCT,,200.00,6500.00,
YPMQ,2020-07-24 16:00,OVC,,,5800.00,,
YPMQ,2020-07-24 21:00,BKN,BKN,,3300.00,4200.00,
YPMQ,2020-07-25 12:00,BKN,BKN,BKN,2300.00,4500.00,7700.00
YPMQ,2020-07-25 14:00,BKN,BKN,OVC,1400.00,4900.00,5600.00
YPMQ,2020-07-25 15:00,BKN,BKN,OVC,600.00,3500.00,4900.00
YPMQ,2020-07-25 17:00,SCT,BKN,OVC,1300.00,1900.00,2600.00
YPMQ,2020-07-25 18:00,BKN,OVC,OVC,1300.00,1900.00,3100.00
YPMQ,2020-07-25 19:00,BKN,OVC,OVC,500.00,1200.00,2100.00
YPMQ,2020-07-25 20:00,BKN,OVC,,700.00,1200.00,
YPMQ,2020-07-25 21:00,SCT,BKN,BKN,600.00,1500.00,2900.00
YPMQ,2020-07-25 22:00,SCT,BKN,OVC,600.00,1200.00,2100.00
YPMQ,2020-07-25 23:00,BKN,BKN,OVC,500.00,1000.00,1300.00
YPMQ,2020-07-26 00:00,SCT,OVC,OVC,400.00,1200.00,3500.00
YPMQ,2020-07-26 01:00,OVC,,,500.00,,
YPMQ,2020-07-26 02:00,BKN,BKN,BKN,600.00,1700.00,4100.00
YPMQ,2020-07-26 06:00,BKN,BKN,OVC,1600.00,3500.00,7600.00
YPMQ,2020-07-28 00:00,NCD,,,,,
YPMQ,2020-07-28 20:00,NCD,,,,,
YPMQ,2020-08-01 13:00,NCD,,,,,
YPMQ,2020-08-01 14:00,NCD,,,,,
YPMQ,2020-08-02 11:00,NCD,,,,,
YPMQ,2020-08-02 13:00,NCD,,,,,
YPMQ,2020-08-07 10:00,SCT,OVC,OVC,1100.00,1800.00,2600.00
YPMQ,2020-08-07 11:00,SCT,SCT,BKN,600.00,1700.00,2300.00
YPMQ,2020-08-07 13:00,SCT,BKN,OVC,1300.00,1900.00,2500.00
YPMQ,2020-08-07 14:00,SCT,BKN,,3100.00,5500.00,
YPMQ,2020-08-07 15:00,SCT,BKN,BKN,2200.00,2700.00,3300.00
YPMQ,2020-08-07 18:00,OVC,,,100.00,,
YPMQ,2020-08-07 19:00,OVC,,,200.00,,
YPMQ,2020-08-07 20:00,OVC,,,200.00,,
YPMQ,2020-08-10 03:00,SCT,SCT,BKN,1400.00,2700.00,3600.00
YPMQ,2020-08-10 08:00,BKN,BKN,OVC,3200.00,3800.00,4700.00
YPMQ,2020-08-12 15:00,NCD,,,,,
YPMQ,2020-08-13 12:00,NCD,,,,,
YPMQ,2020-08-13 13:00,SCT,SCT,,200.00,8800.00,
YPMQ,2020-08-14 10:00,SCT,BKN,BKN,1400.00,2100.00,2500.00
YPMQ,2020-08-14 12:00,SCT,BKN,BKN,600.00,1400.00,2900.00
YPMQ,2020-08-19 15:00,NCD,,,,,
YPMQ,2020-08-19 16:00,NCD,,,,,
YPMQ,2020-08-19 18:00,NCD,,,,,
YPMQ,2020-08-20 00:00,NCD,,,,,
YPMQ,2020-08-26 12:00,NCD,,,,,
YPMQ,2020-08-27 18:00,NCD,,,,,
YPMQ,2020-08-28 06:00,NCD,,,,,
YPMQ,2020-08-29 13:00,NCD,,,,,
YPMQ,2020-08-29 15:00,NCD,,,,,
YPMQ,2020-08-30 16:00,BKN,,,600.00,,
YPMQ,2020-08-30 17:00,NCD,,,,,
YPMQ,2020-09-01 19:00,NCD,,,,,
YPMQ,2020-09-02 16:00,NCD,,,,,
YPMQ,2020-09-02 17:00,SCT,,,800.00,,
YPMQ,2020-09-02 18:00,OVC,,,200.00,,
YPMQ,2020-09-02 19:00,OVC,,,100.00,,
YPMQ,2020-09-02 20:00,SCT,,,500.00,,
YPMQ,2020-09-03 16:00,NCD,,,,,
YPMQ,2020-09-03 17:00,NCD,,,,,
YPMQ,2020-09-03 18:00,,,,,,
YPMQ,2020-09-03 19:00,,,,,,
YPMQ,2020-09-03 20:00,NCD,,,,,
YPMQ,2020-09-05 08:00,OVC,OVC,,4700.00,5700.00,
YPMQ,2020-09-06 15:00,NCD,,,,,
YPMQ,2020-09-06 17:00,NCD,,,,,
YPMQ,2020-09-08 15:00,NCD,,,,,
YPMQ,2020-09-08 16:00,NCD,,,,,
YPMQ,2020-09-08 17:00,SCT,,,500.00,,
YPMQ,2020-09-09 08:00,OVC,OVC,,1500.00,1900.00,
YPMQ,2020-09-09 09:00,BKN,BKN,BKN,1500.00,2500.00,4700.00
YPMQ,2020-09-09 10:00,BKN,BKN,OVC,1100.00,2100.00,8900.00
YPMQ,2020-09-09 11:00,SCT,SCT,BKN,1000.00,1700.00,3600.00
YPMQ,2020-09-09 13:00,SCT,BKN,OVC,800.00,1500.00,2300.00
YPMQ,2020-09-09 14:00,SCT,BKN,OVC,900.00,1300.00,1800.00
YPMQ,2020-09-09 21:00,SCT,BKN,OVC,700.00,1600.00,3500.00
YPMQ,2020-09-10 07:00,SCT,SCT,BKN,2300.00,3400.00,4700.00
YPMQ,2020-09-10 10:00,SCT,BKN,BKN,2600.00,3700.00,5100.00
YPMQ,2020-09-10 12:00,SCT,BKN,BKN,2400.00,3600.00,7600.00
YPMQ,2020-09-14 17:00,NCD,,,,,
YPMQ,2020-09-14 18:00,,,,,,
YPMQ,2020-09-14 19:00,BKN,,,7500.00,,
YPMQ,2020-09-14 20:00,NCD,,,,,
YPMQ,2020-09-16 16:00,,,,,,
YPMQ,2020-09-16 17:00,BKN,,,200.00,,
YPMQ,2020-09-16 18:00,OVC,,,100.00,,
YPMQ,2020-09-16 19:00,SCT,,,100.00,,
YPMQ,2020-09-16 20:00,BKN,BKN,,100.00,600.00,
YPMQ,2020-09-18 13:00,SCT,,,1700.00,,
YPMQ,2020-09-18 14:00,SCT,,,1400.00,,
YPMQ,2020-09-18 15:00,SCT,BKN,BKN,100.00,600.00,1000.00
YPMQ,2020-09-18 16:00,OVC,,,100.00,,
YPMQ,2020-09-18 17:00,BKN,OVC,,300.00,600.00,
YPMQ,2020-09-18 18:00,OVC,,,100.00,,
YPMQ,2020-09-18 19:00,OVC,,,100.00,,
YPMQ,2020-09-18 20:00,OVC,,,100.00,,
YPMQ,2020-09-18 21:00,OVC,,,100.00,,
YPMQ,2020-09-18 22:00,OVC,,,100.00,,
YPMQ,2020-09-18 23:00,SCT,,,200.00,,
YPMQ,2020-09-20 17:00,SCT,,,7900.00,,
YPMQ,2020-09-20 19:00,OVC,,,100.00,,
YPMQ,2020-09-20 20:00,BKN,,,100.00,,
YPMQ,2020-09-21 14:00,SCT,,,9500.00,,
YPMQ,2020-09-25 13:00,NCD,,,,,
YPMQ,2020-09-26 02:00,SCT,,,9400.00,,
YPMQ,2020-10-01 12:00,NCD,,,,,
YPMQ,2020-10-01 15:00,BKN,,,1600.00,,
YPMQ,2020-10-01 16:00,SCT,,,1400.00,,
YPMQ,2020-10-02 13:00,NCD,,,,,
YPMQ,2020-10-02 15:00,NCD,,,,,
YPMQ,2020-10-02 16:00,SCT,,,1300.00,,
YPMQ,2020-10-02 17:00,,,,,,
YPMQ,2020-10-02 18:00,SCT,,,600.00,,
YPMQ,2020-10-02 19:00,BKN,,,200.00,,
YPMQ,2020-10-02 20:00,SCT,,,200.00,,
YPMQ,2020-10-05 15:00,NCD,,,,,
YPMQ,2020-10-05 17:00,NCD,,,,,
YPMQ,2020-10-05 19:00,,,,,,
YPMQ,2020-10-05 22:00,OVC,,,1400.00,,
YPMQ,2020-10-06 08:00,SCT,OVC,,1600.00,2500.00,
YPMQ,2020-10-06 12:00,NCD,,,,,
YPMQ,2020-10-06 13:00,NCD,,,,,
YPMQ,2020-10-06 14:00,NCD,,,,,
YPMQ,2020-10-06 15:00,SCT,SCT,BKN,300.00,700.00,1000.00
YPMQ,2020-10-06 16:00,NCD,,,,,
YPMQ,2020-10-06 18:00,SCT,SCT,BKN,300.00,900.00,1300.00
YPMQ,2020-10-06 19:00,NCD,,,,,
YPMQ,2020-10-06 20:00,SCT,,,800.00,,
YPMQ,2020-10-09 18:00,NCD,,,,,
YPMQ,2020-10-09 19:00,NCD,,,,,
YPMQ,2020-10-11 14:00,NCD,,,,,
YPMQ,2020-10-13 16:00,,,,,,
YPMQ,2020-10-13 17:00,,,,,,
YPMQ,2020-10-13 18:00,NCD,,,,,
YPMQ,2020-10-21 19:00,NCD,,,,,
YPMQ,2020-10-22 15:00,BKN,OVC,,100.00,800.00,
YPMQ,2020-10-22 16:00,OVC,,,200.00,,
YPMQ,2020-10-22 17:00,OVC,,,200.00,,
YPMQ,2020-10-22 18:00,OVC,,,100.00,,
YPMQ,2020-10-22 19:00,OVC,,,200.00,,
YPMQ,2020-10-22 20:00,OVC,,,100.00,,
YPMQ,2020-10-22 21:00,OVC,,,200.00,,
YPMQ,2020-10-23 15:00,BKN,OVC,,1500.00,12000.00,
YPMQ,2020-10-23 23:00,OVC,,,600.00,,
YPMQ,2020-10-24 01:00,BKN,OVC,,1100.00,11000.00,
YPMQ,2020-10-24 11:00,SCT,SCT,BKN,5400.00,6700.00,9900.00
YPMQ,2020-10-24 12:00,OVC,,,11500.00,,
YPMQ,2020-10-24 13:00,BKN,,,12500.00,,
YPMQ,2020-10-24 16:00,OVC,,,12000.00,,
YPMQ,2020-10-24 19:00,OVC,OVC,,10000.00,12000.00,
YPMQ,2020-10-24 23:00,BKN,OVC,,1400.00,11000.00,
YPMQ,2020-10-25 03:00,OVC,,,1600.00,,
YPMQ,2020-10-25 07:00,BKN,OVC,,1500.00,2200.00,
YPMQ,2020-10-25 08:00,BKN,OVC,OVC,1100.00,1700.00,3000.00
YPMQ,2020-10-25 11:00,SCT,BKN,BKN,2000.00,3000.00,4900.00
YPMQ,2020-10-26 06:00,SCT,BKN,OVC,1400.00,3000.00,4200.00
YPMQ,2020-10-28 05:00,SCT,BKN,OVC,1800.00,2500.00,3200.00
YPMQ,2020-10-28 07:00,BKN,BKN,BKN,1700.00,3300.00,6100.00
YPMQ,2020-10-28 08:00,SCT,SCT,SCT,700.00,1300.00,2400.00
YPMQ,2020-10-28 10:00,SCT,OVC,,7900.00,9300.00,
YPMQ,2020-10-28 11:00,SCT,SCT,SCT,5000.00,6500.00,7500.00
YPMQ,2020-10-28 12:00,OVC,,,8900.00,,
YPMQ,2020-10-28 13:00,BKN,OVC,,300.00,600.00,
YPMQ,2020-10-28 14:00,BKN,OVC,,500.00,800.00,
YPMQ,2020-10-28 15:00,SCT,OVC,,1400.00,2100.00,
YPMQ,2020-10-28 19:00,NCD,,,,,
YPMQ,2020-10-29 03:00,BKN,OVC,,8500.00,10500.00,
YPMQ,2020-10-29 04:00,BKN,OVC,,7900.00,8700.00,
YPMQ,2020-10-29 13:00,SCT,,,100.00,,
YPMQ,2020-10-29 15:00,NCD,,,,,
YPMQ,2020-10-29 17:00,NCD,,,,,
YPMQ,2020-10-30 09:00,BKN,BKN,OVC,1600.00,2800.00,4600.00
YPMQ,2020-10-30 10:00,BKN,BKN,OVC,900.00,1800.00,3800.00
YPMQ,2020-10-30 18:00,OVC,,,1400.00,,
YPMQ,2020-10-31 06:00,SCT,SCT,SCT,4200.00,5500.00,7200.00
YPMQ,2020-11-01 23:00,BKN,BKN,BKN,1300.00,2400.00,4400.00
YPMQ,2020-11-02 00:00,BKN,BKN,BKN,1300.00,2200.00,3400.00
YPMQ,2020-11-02 01:00,BKN,OVC,OVC,1100.00,2400.00,4600.00
YPMQ,2020-11-02 02:00,SCT,SCT,BKN,800.00,1700.00,2300.00
YPMQ,2020-11-05 01:00,SCT,,,12000.00,,
YPMQ,2020-11-05 04:00,SCT,SCT,BKN,2400.00,7800.00,9000.00
YPMQ,2020-11-05 05:00,SCT,SCT,BKN,1700.00,4500.00,7600.00
YPMQ,2020-11-07 15:00,SCT,SCT,BKN,2900.00,3500.00,5300.00
YPMQ,2020-11-10 18:00,NCD,,,,,
YPMQ,2020-11-10 19:00,NCD,,,,,
YPMQ,2020-11-13 09:00,BKN,OVC,OVC,2700.00,8000.00,12000.00
YPMQ,2020-11-13 10:00,OVC,,,9800.00,,
YPMQ,2020-11-13 13:00,SCT,,,9800.00,,
YPMQ,2020-11-13 14:00,OVC,,,1300.00,,
YPMQ,2020-11-13 15:00,OVC,,,1100.00,,
YPMQ,2020-11-14 12:00,,,,,,
YPMQ,2020-11-14 13:00,NCD,,,,,
YPMQ,2020-11-14 15:00,,,,,,
YPMQ,2020-11-14 16:00,,,,,,
YPMQ,2020-11-14 17:00,,,,,,
YPMQ,2020-11-14 18:00,BKN,,,300.00,,
YPMQ,2020-11-14 19:00,BKN,,,300.00,,
YPMQ,2020-11-15 14:00,OVC,,,1400.00,,
YPMQ,2020-11-17 16:00,NCD,,,,,
YPMQ,2020-11-17 17:00,,,,,,
YPMQ,2020-11-17 18:00,,,,,,
YPMQ,2020-11-17 19:00,,,,,,
YPMQ,2020-11-20 20:00,BKN,OVC,,1100.00,1800.00,
YPMQ,2020-11-21 08:00,OVC,,,1500.00,,
YPMQ,2020-11-21 09:00,BKN,,,1300.00,,
YPMQ,2020-11-21 12:00,BKN,,,1300.00,,
YPMQ,2020-11-21 18:00,OVC,,,1300.00,,
YPMQ,2020-11-21 20:00,OVC,,,1100.00,,
YPMQ,2020-11-21 21:00,OVC,,,900.00,,
YPMQ,2020-11-21 22:00,OVC,,,900.00,,
YPMQ,2020-11-21 23:00,BKN,,,1300.00,,
YPMQ,2020-11-22 10:00,BKN,OVC,,9900.00,12500.00,
YPMQ,2020-11-22 11:00,SCT,SCT,SCT,5300.00,8400.00,11500.00
YPMQ,2020-11-25 17:00,NCD,,,,,
YPMQ,2020-11-25 18:00,NCD,,,,,
YPMQ,2020-11-26 16:00,NCD,,,,,
YPMQ,2020-11-26 17:00,NCD,,,,,
YPMQ,2020-11-26 19:00,NCD,,,,,
YPMQ,2020-11-29 11:00,NCD,,,,,
YPMQ,2020-11-29 12:00,OVC,OVC,,1800.00,2200.00,
YPMQ,2020-12-01 11:00,BKN,,,1500.00,,
YPMQ,2020-12-01 17:00,SCT,SCT,,5000.00,8800.00,
YPMQ,2020-12-01 19:00,OVC,,,1200.00,,
YPMQ,2020-12-02 02:00,NCD,,,,,
YPMQ,2020-12-02 06:00,SCT,BKN,OVC,1800.00,2900.00,3300.00
YPMQ,2020-12-02 09:00,BKN,OVC,,1600.00,2200.00,
YPMQ,2020-12-02 19:00,BKN,BKN,OVC,500.00,1100.00,1800.00
YPMQ,2020-12-02 20:00,OVC,OVC,,500.00,2600.00,
YPMQ,2020-12-02 21:00,OVC,OVC,,500.00,900.00,
YPMQ,2020-12-02 22:00,OVC,OVC,,500.00,1000.00,
YPMQ,2020-12-02 23:00,SCT,BKN,OVC,500.00,1400.00,2000.00
YPMQ,2020-12-03 00:00,BKN,BKN,OVC,600.00,1300.00,2000.00
YPMQ,2020-12-03 02:00,BKN,OVC,,1400.00,3200.00,
YPMQ,2020-12-03 04:00,BKN,OVC,,700.00,1300.00,
YPMQ,2020-12-03 08:00,OVC,OVC,,1500.00,2000.00,
YPMQ,2020-12-04 15:00,NCD,,,,,
YPMQ,2020-12-04 16:00,,,,,,
YPMQ,2020-12-04 18:00,NCD,,,,,
YPMQ,2020-12-04 19:00,NCD,,,,,
YPMQ,2020-12-06 16:00,NCD,,,,,
YPMQ,2020-12-10 13:00,BKN,BKN,OVC,700.00,2800.00,4500.00
YPMQ,2020-12-10 14:00,SCT,BKN,OVC,800.00,1300.00,2500.00
YPMQ,2020-12-10 17:00,SCT,OVC,OVC,500.00,1800.00,3400.00
YPMQ,2020-12-10 20:00,SCT,OVC,,2300.00,10000.00,
YPMQ,2020-12-10 22:00,SCT,BKN,BKN,900.00,3400.00,4600.00
YPMQ,2020-12-10 23:00,SCT,BKN,BKN,700.00,1100.00,1800.00
YPMQ,2020-12-11 02:00,SCT,BKN,BKN,2400.00,3800.00,7000.00
YPMQ,2020-12-11 03:00,BKN,OVC,,800.00,1800.00,
YPMQ,2020-12-11 04:00,BKN,BKN,OVC,1000.00,7700.00,10000.00
YPMQ,2020-12-11 05:00,BKN,BKN,OVC,1200.00,2200.00,5100.00
YPMQ,2020-12-11 06:00,BKN,BKN,OVC,1300.00,1600.00,2500.00
YPMQ,2020-12-11 07:00,SCT,BKN,OVC,900.00,1400.00,2200.00
YPMQ,2020-12-11 09:00,BKN,BKN,OVC,1400.00,2100.00,3500.00
YPMQ,2020-12-11 10:00,SCT,BKN,BKN,2300.00,4100.00,6300.00
YPMQ,2020-12-11 14:00,SCT,BKN,BKN,2400.00,3100.00,3700.00
YPMQ,2020-12-11 15:00,SCT,BKN,OVC,3400.00,5600.00,6900.00
YPMQ,2020-12-11 16:00,SCT,SCT,BKN,1100.00,3700.00,4200.00
YPMQ,2020-12-13 17:00,SCT,BKN,BKN,2200.00,2800.00,3600.00
YPMQ,2020-12-13 18:00,BKN,BKN,OVC,2600.00,3400.00,4100.00
YPMQ,2020-12-14 02:00,BKN,BKN,BKN,1900.00,2700.00,4100.00
YPMQ,2020-12-14 05:00,SCT,SCT,BKN,1400.00,3300.00,4100.00
YPMQ,2020-12-14 07:00,SCT,BKN,BKN,1000.00,1200.00,2200.00
YPMQ,2020-12-14 08:00,SCT,BKN,BKN,900.00,1200.00,1600.00
YPMQ,2020-12-14 09:00,SCT,SCT,BKN,1100.00,1600.00,2500.00
YPMQ,2020-12-14 10:00,SCT,BKN,BKN,1000.00,1300.00,2100.00
YPMQ,2020-12-14 11:00,BKN,BKN,OVC,800.00,1400.00,2200.00
YPMQ,2020-12-14 12:00,BKN,BKN,OVC,900.00,1300.00,2400.00
YPMQ,2020-12-14 13:00,BKN,OVC,,900.00,1300.00,
YPMQ,2020-12-14 14:00,BKN,BKN,BKN,800.00,1100.00,1500.00
YPMQ,2020-12-14 15:00,SCT,OVC,,1300.00,1900.00,
YPMQ,2020-12-14 16:00,BKN,OVC,,800.00,1400.00,
YPMQ,2020-12-14 17:00,BKN,BKN,BKN,600.00,900.00,1400.00
YPMQ,2020-12-14 18:00,BKN,BKN,OVC,600.00,1100.00,1700.00
YPMQ,2020-12-14 19:00,BKN,BKN,OVC,1300.00,1700.00,2400.00
YPMQ,2020-12-14 20:00,SCT,SCT,BKN,400.00,900.00,1100.00
YPMQ,2020-12-14 21:00,SCT,BKN,OVC,500.00,800.00,1400.00
YPMQ,2020-12-14 22:00,BKN,BKN,BKN,500.00,900.00,2600.00
YPMQ,2020-12-14 23:00,SCT,OVC,,1700.00,3000.00,
YPMQ,2020-12-15 00:00,BKN,OVC,,1600.00,2300.00,
YPMQ,2020-12-15 01:00,SCT,BKN,BKN,600.00,1100.00,1600.00
YPMQ,2020-12-15 02:00,OVC,OVC,,1500.00,2100.00,
YPMQ,2020-12-15 03:00,OVC,OVC,,1300.00,1800.00,
YPMQ,2020-12-15 04:00,OVC,,,600.00,,
YPMQ,2020-12-15 05:00,BKN,OVC,,600.00,1300.00,
YPMQ,2020-12-15 06:00,SCT,BKN,BKN,1500.00,2600.00,3100.00
YPMQ,2020-12-15 07:00,BKN,BKN,OVC,600.00,1000.00,1300.00
YPMQ,2020-12-15 08:00,SCT,SCT,SCT,500.00,1300.00,1800.00
YPMQ,2020-12-15 09:00,SCT,SCT,BKN,900.00,2200.00,3700.00
YPMQ,2020-12-15 10:00,SCT,BKN,BKN,1300.00,1700.00,2500.00
YPMQ,2020-12-15 11:00,OVC,,,900.00,,
YPMQ,2020-12-15 12:00,BKN,OVC,,600.00,1100.00,
YPMQ,2020-12-15 13:00,OVC,,,800.00,,
YPMQ,2020-12-15 14:00,SCT,BKN,OVC,600.00,1200.00,1900.00
YPMQ,2020-12-15 15:00,SCT,OVC,,900.00,1200.00,
YPMQ,2020-12-15 16:00,BKN,OVC,,1300.00,1600.00,
YPMQ,2020-12-15 17:00,OVC,,,400.00,,
YPMQ,2020-12-15 19:00,OVC,OVC,,400.00,1000.00,
YPMQ,2020-12-15 20:00,SCT,SCT,BKN,800.00,1500.00,2100.00
YPMQ,2020-12-15 21:00,BKN,OVC,,1200.00,1900.00,
YPMQ,2020-12-15 22:00,BKN,OVC,,1100.00,1800.00,
YPMQ,2020-12-15 23:00,BKN,BKN,OVC,900.00,1300.00,2100.00
YPMQ,2020-12-16 00:00,SCT,BKN,OVC,800.00,1600.00,2600.00
YPMQ,2020-12-16 01:00,SCT,BKN,BKN,900.00,1200.00,2300.00
YPMQ,2020-12-16 02:00,BKN,BKN,OVC,700.00,1400.00,2400.00
YPMQ,2020-12-16 03:00,OVC,,,800.00,,
YPMQ,2020-12-16 04:00,BKN,BKN,BKN,1400.00,6200.00,8400.00
YPMQ,2020-12-16 13:00,BKN,BKN,OVC,1300.00,2000.00,2500.00
YPMQ,2020-12-16 14:00,SCT,BKN,BKN,900.00,2400.00,3500.00
YPMQ,2020-12-16 21:00,BKN,BKN,OVC,1400.00,3500.00,10000.00
YPMQ,2020-12-17 08:00,OVC,,,1100.00,,
YPMQ,2020-12-17 09:00,OVC,,,900.00,,
YPMQ,2020-12-17 10:00,BKN,,,900.00,,
YPMQ,2020-12-17 12:00,BKN,,,600.00,,
YPMQ,2020-12-17 13:00,OVC,,,600.00,,
YPMQ,2020-12-17 14:00,OVC,,,800.00,,
YPMQ,2020-12-17 15:00,BKN,OVC,,500.00,1100.00,
YPMQ,2020-12-17 16:00,OVC,,,900.00,,
YPMQ,2020-12-17 17:00,OVC,,,1100.00,,
YPMQ,2020-12-17 18:00,OVC,,,700.00,,
YPMQ,2020-12-17 19:00,SCT,BKN,,400.00,800.00,
YPMQ,2020-12-18 04:00,SCT,SCT,SCT,2800.00,5300.00,7100.00
YPMQ,2020-12-18 05:00,SCT,BKN,BKN,1400.00,3200.00,8300.00
YPMQ,2020-12-18 19:00,BKN,OVC,,600.00,4400.00,
YPMQ,2020-12-19 01:00,SCT,OVC,OVC,800.00,1200.00,1900.00
YPMQ,2020-12-19 02:00,SCT,SCT,BKN,700.00,1000.00,1800.00
YPMQ,2020-12-19 03:00,OVC,,,800.00,,
YPMQ,2020-12-19 04:00,BKN,OVC,,500.00,1000.00,
YPMQ,2020-12-19 05:00,OVC,,,500.00,,
YPMQ,2020-12-19 06:00,OVC,,,500.00,,
YPMQ,2020-12-19 07:00,BKN,BKN,BKN,600.00,800.00,1300.00
YPMQ,2020-12-19 08:00,BKN,BKN,BKN,600.00,1000.00,1400.00
YPMQ,2020-12-19 09:00,SCT,SCT,BKN,600.00,1700.00,2200.00
YPMQ,2020-12-19 10:00,SCT,SCT,BKN,600.00,1000.00,1700.00
YPMQ,2020-12-19 12:00,SCT,BKN,OVC,500.00,1000.00,1400.00
YPMQ,2020-12-19 14:00,BKN,OVC,,1000.00,1900.00,
YPMQ,2020-12-19 16:00,BKN,OVC,,1000.00,3200.00,
YPMQ,2020-12-20 00:00,SCT,BKN,OVC,1100.00,1700.00,2600.00
YPMQ,2020-12-20 19:00,BKN,BKN,OVC,1500.00,5000.00,11000.00
YPMQ,2020-12-20 20:00,OVC,,,2100.00,,
YPMQ,2020-12-20 21:00,SCT,SCT,BKN,2600.00,4900.00,6500.00
YPMQ,2020-12-20 22:00,BKN,OVC,OVC,1200.00,2300.00,2800.00
YPMQ,2020-12-20 23:00,OVC,,,600.00,,
YPMQ,2020-12-21 00:00,BKN,OVC,,400.00,900.00,
YPMQ,2020-12-21 01:00,SCT,OVC,,600.00,1500.00,
YPMQ,2020-12-21 02:00,SCT,SCT,BKN,300.00,3200.00,4000.00
YPMQ,2020-12-21 03:00,SCT,SCT,BKN,500.00,1000.00,1400.00
YPMQ,2020-12-21 04:00,BKN,BKN,OVC,600.00,1500.00,3300.00
YPMQ,2020-12-21 05:00,BKN,OVC,,500.00,800.00,
YPMQ,2020-12-21 06:00,SCT,BKN,OVC,800.00,1000.00,1700.00
YPMQ,2020-12-21 08:00,BKN,OVC,,800.00,1900.00,
YPMQ,2020-12-21 09:00,SCT,OVC,,400.00,1000.00,
YPMQ,2020-12-21 10:00,BKN,OVC,,600.00,800.00,
YPMQ,2020-12-21 11:00,BKN,OVC,,600.00,1100.00,
YPMQ,2020-12-21 12:00,BKN,OVC,,400.00,800.00,
YPMQ,2020-12-21 15:00,OVC,,,1300.00,,
YPMQ,2020-12-21 18:00,OVC,,,800.00,,
YPMQ,2020-12-21 19:00,SCT,SCT,SCT,1600.00,5100.00,6700.00
YPMQ,2020-12-22 09:00,NCD,,,,,
YPMQ,2020-12-22 10:00,NCD,,,,,
YPMQ,2020-12-24 18:00,NCD,,,,,
YPMQ,2020-12-25 07:00,BKN,BKN,OVC,1000.00,1400.00,1800.00
YPMQ,2020-12-25 08:00,BKN,OVC,,800.00,3300.00,
YPMQ,2020-12-25 17:00,OVC,OVC,,2500.00,3200.00,
YPMQ,2020-12-26 20:00,SCT,BKN,BKN,1800.00,3000.00,5100.00
YPMQ,2020-12-27 05:00,NCD,,,,,
YPMQ,2020-12-27 06:00,SCT,SCT,BKN,6600.00,7600.00,9100.00
YPMQ,2020-12-27 07:00,OVC,,,11500.00,,
YPMQ,2020-12-27 08:00,SCT,SCT,OVC,2300.00,5500.00,8100.00
YPMQ,2020-12-27 17:00,SCT,BKN,,200.00,600.00,
YPMQ,2020-12-29 16:00,BKN,OVC,,600.00,2800.00,
YPMQ,2020-12-29 17:00,BKN,BKN,OVC,600.00,3000.00,9600.00
YPMQ,2020-12-30 12:00,SCT,BKN,BKN,2900.00,4700.00,5800.00
YPMQ,2020-12-30 23:00,BKN,BKN,OVC,4300.00,4800.00,5400.00
YPMQ,2020-12-31 00:00,BKN,BKN,BKN,2600.00,3500.00,4100.00
YPMQ,2020-12-31 02:00,SCT,BKN,OVC,1600.00,2300.00,2700.00
YPMQ,2020-12-31 04:00,SCT,SCT,SCT,1400.00,2400.00,4600.00
YPMQ,2020-12-31 05:00,BKN,BKN,BKN,500.00,3500.00,10500.00
YPMQ,2020-12-31 12:00,SCT,BKN,OVC,1900.00,2800.00,4900.00
YPMQ,2020-12-31 14:00,SCT,SCT,BKN,2100.00,3500.00,5500.00
YPMQ,2020-12-31 22:00,SCT,BKN,OVC,1800.00,3100.00,4900.00
YPMQ,2021-01-01 07:00,BKN,BKN,OVC,2600.00,3300.00,4700.00
YPMQ,2021-01-01 08:00,SCT,BKN,BKN,2600.00,3100.00,3600.00
YPMQ,2021-01-01 13:00,SCT,BKN,BKN,1800.00,2700.00,5400.00
YPMQ,2021-01-02 05:00,SCT,SCT,BKN,800.00,1400.00,2800.00
YPMQ,2021-01-02 06:00,BKN,OVC,,5300.00,6100.00,
YPMQ,2021-01-02 11:00,SCT,SCT,BKN,2500.00,3000.00,3500.00
YPMQ,2021-01-02 15:00,BKN,BKN,BKN,1000.00,1700.00,2500.00
YPMQ,2021-01-02 16:00,SCT,BKN,OVC,800.00,1500.00,2300.00
YPMQ,2021-01-02 19:00,BKN,BKN,OVC,100.00,900.00,1800.00
YPMQ,2021-01-02 20:00,OVC,,,100.00,,
YPMQ,2021-01-02 21:00,OVC,,,200.00,,
YPMQ,2021-01-02 22:00,OVC,,,600.00,,
YPMQ,2021-01-02 23:00,SCT,BKN,OVC,1200.00,2000.00,2600.00
YPMQ,2021-01-03 09:00,BKN,OVC,,1800.00,3300.00,
YPMQ,2021-01-03 10:00,BKN,BKN,BKN,1200.00,1600.00,2700.00
YPMQ,2021-01-04 11:00,SCT,SCT,BKN,4300.00,5500.00,7000.00
YPMQ,2021-01-04 13:00,SCT,BKN,BKN,600.00,1000.00,1900.00
YPMQ,2021-01-04 14:00,SCT,BKN,BKN,900.00,3700.00,5200.00
YPMQ,2021-01-06 06:00,BKN,OVC,,900.00,2200.00,
YPMQ,2021-01-06 07:00,SCT,SCT,BKN,900.00,1500.00,1900.00
YPMQ,2021-01-06 08:00,SCT,SCT,BKN,1500.00,3700.00,5200.00
YPMQ,2021-01-06 09:00,SCT,BKN,BKN,1500.00,2400.00,4100.00
YPMQ,2021-01-06 10:00,BKN,BKN,BKN,900.00,2200.00,3400.00
YPMQ,2021-01-06 11:00,SCT,OVC,,7900.00,9400.00,
YPMQ,2021-01-06 12:00,SCT,BKN,OVC,2000.00,3600.00,10000.00
YPMQ,2021-01-06 13:00,SCT,BKN,BKN,1800.00,3200.00,7900.00
YPMQ,2021-01-06 19:00,SCT,BKN,BKN,700.00,2000.00,3800.00
YPMQ,2021-01-06 20:00,BKN,BKN,BKN,700.00,1100.00,2000.00
YPMQ,2021-01-06 21:00,SCT,SCT,BKN,1200.00,2200.00,3500.00
YPMQ,2021-01-08 03:00,BKN,BKN,BKN,2600.00,3600.00,4700.00
YPMQ,2021-01-08 05:00,SCT,BKN,BKN,3000.00,4600.00,5400.00
YPMQ,2021-01-11 17:00,NCD,,,,,
YPMQ,2021-01-14 16:00,SCT,SCT,BKN,2300.00,8700.00,10500.00
YPMQ,2021-01-14 17:00,SCT,SCT,OVC,6100.00,6900.00,8900.00
YPMQ,2021-01-14 18:00,SCT,SCT,OVC,1900.00,3000.00,10000.00
YPMQ,2021-01-15 07:00,BKN,BKN,,8000.00,10500.00,
YPMQ,2021-01-15 09:00,SCT,SCT,BKN,1100.00,3600.00,6900.00
YPMQ,2021-01-15 14:00,OVC,,,1500.00,,
YPMQ,2021-01-15 15:00,SCT,,,1500.00,,
YPMQ,2021-01-18 17:00,OVC,,,100.00,,
YPMQ,2021-01-18 18:00,SCT,,,100.00,,
YPMQ,2021-01-18 19:00,SCT,,,100.00,,
YPMQ,2021-01-19 04:00,SCT,BKN,OVC,800.00,1300.00,2000.00
YPMQ,2021-01-19 07:00,SCT,SCT,BKN,2200.00,2900.00,3400.00
YPMQ,2021-01-19 10:00,SCT,BKN,BKN,2400.00,3400.00,4100.00
YPMQ,2021-01-19 12:00,SCT,SCT,BKN,1400.00,3400.00,4400.00
YPMQ,2021-01-19 13:00,BKN,BKN,OVC,3200.00,4000.00,4900.00
YPMQ,2021-01-27 17:00,OVC,,,1600.00,,
YPMQ,2021-01-27 18:00,OVC,,,1400.00,,
YPMQ,2021-01-28 13:00,SCT,SCT,BKN,1000.00,2100.00,2800.00
YPMQ,2021-01-28 15:00,SCT,BKN,BKN,800.00,1600.00,2300.00
YPMQ,2021-01-28 16:00,SCT,BKN,OVC,2200.00,2600.00,3300.00
YPMQ,2021-01-28 17:00,BKN,BKN,OVC,1000.00,1600.00,5400.00
YPMQ,2021-01-28 20:00,OVC,OVC,,900.00,1300.00,
YPMQ,2021-01-28 21:00,OVC,,,1000.00,,
YPMQ,2021-01-28 22:00,BKN,OVC,,800.00,1900.00,
YPMQ,2021-01-29 15:00,BKN,BKN,BKN,1600.00,2300.00,3300.00
YPMQ,2021-01-29 17:00,BKN,OVC,OVC,1600.00,2400.00,3400.00
YPMQ,2021-01-29 18:00,SCT,OVC,,1800.00,2900.00,
YPMQ,2021-01-29 19:00,SCT,BKN,OVC,3200.00,4000.00,4500.00
YPMQ,2021-01-31 19:00,SCT,SCT,,2800.00,3500.00,
YPMQ,2021-02-06 08:00,BKN,BKN,OVC,2800.00,3800.00,7300.00
YPMQ,2021-02-06 18:00,BKN,,,100.00,,
YPMQ,2021-02-06 19:00,OVC,,,200.00,,
YPMQ,2021-02-06 20:00,OVC,,,400.00,,
YPMQ,2021-02-06 21:00,SCT,,,400.00,,
YPMQ,2021-02-08 22:00,SCT,BKN,OVC,2800.00,3300.00,6400.00
YPMQ,2021-02-09 23:00,SCT,OVC,,800.00,3100.00,
YPMQ,2021-02-10 00:00,BKN,BKN,BKN,600.00,2300.00,2800.00
YPMQ,2021-02-10 01:00,SCT,BKN,BKN,600.00,1000.00,1600.00
YPMQ,2021-02-10 02:00,BKN,OVC,,1700.00,2300.00,
YPMQ,2021-02-13 00:00,SCT,BKN,OVC,6000.00,7600.00,8800.00
YPMQ,2021-02-13 07:00,SCT,OVC,,700.00,1200.00,
YPMQ,2021-02-13 09:00,BKN,BKN,BKN,500.00,1300.00,2400.00
YPMQ,2021-02-13 11:00,SCT,BKN,BKN,1300.00,2100.00,4300.00
YPMQ,2021-02-13 13:00,SCT,SCT,BKN,1400.00,3000.00,4500.00
YPMQ,2021-02-14 21:00,SCT,OVC,,3200.00,5100.00,
YPMQ,2021-02-15 09:00,BKN,BKN,OVC,2300.00,2800.00,3600.00
YPMQ,2021-02-16 13:00,SCT,SCT,BKN,2500.00,4500.00,6400.00
YPMQ,2021-02-16 14:00,SCT,BKN,BKN,1700.00,2500.00,3800.00
YPMQ,2021-02-16 23:00,SCT,OVC,OVC,3500.00,4700.00,5500.00
YPMQ,2021-02-17 20:00,SCT,SCT,BKN,900.00,2000.00,2600.00
YPMQ,2021-02-17 21:00,SCT,SCT,SCT,900.00,2600.00,3500.00
YPMQ,2021-02-17 22:00,SCT,SCT,BKN,700.00,1300.00,2700.00
YPMQ,2021-02-18 18:00,SCT,SCT,BKN,1500.00,2500.00,4300.00
YPMQ,2021-02-18 23:00,BKN,BKN,OVC,2100.00,2600.00,3400.00
YPMQ,2021-02-19 03:00,BKN,BKN,OVC,1300.00,2200.00,3000.00
YPMQ,2021-02-19 04:00,SCT,SCT,BKN,1600.00,2500.00,3500.00
YPMQ,2021-02-19 05:00,SCT,BKN,BKN,1900.00,3700.00,4400.00
YPMQ,2021-02-19 13:00,BKN,OVC,OVC,700.00,2100.00,3200.00
YPMQ,2021-02-19 14:00,BKN,BKN,BKN,800.00,2000.00,3800.00
YPMQ,2021-02-19 15:00,BKN,BKN,OVC,1900.00,3400.00,5000.00
YPMQ,2021-02-19 17:00,BKN,OVC,,1300.00,11000.00,
YPMQ,2021-02-19 18:00,OVC,,,1300.00,,
YPMQ,2021-02-19 19:00,OVC,,,1300.00,,
YPMQ,2021-02-19 20:00,SCT,OVC,,1300.00,2300.00,
YPMQ,2021-02-19 21:00,SCT,BKN,OVC,1700.00,2400.00,2800.00
YPMQ,2021-02-19 22:00,SCT,BKN,OVC,400.00,2000.00,2500.00
YPMQ,2021-02-19 23:00,SCT,BKN,BKN,1100.00,2500.00,3500.00
YPMQ,2021-02-20 00:00,SCT,BKN,BKN,2300.00,3400.00,4400.00
YPMQ,2021-02-20 01:00,SCT,SCT,BKN,400.00,2000.00,4600.00
YPMQ,2021-02-20 02:00,SCT,BKN,OVC,3500.00,4200.00,6000.00
YPMQ,2021-02-20 04:00,SCT,SCT,OVC,6300.00,8900.00,10500.00
YPMQ,2021-02-20 12:00,SCT,BKN,OVC,1800.00,2900.00,4100.00
YPMQ,2021-02-20 15:00,SCT,BKN,BKN,600.00,1400.00,2400.00
YPMQ,2021-02-20 17:00,BKN,BKN,OVC,1500.00,2300.00,5800.00
YPMQ,2021-02-20 21:00,SCT,BKN,BKN,1000.00,1900.00,2400.00
YPMQ,2021-02-20 23:00,SCT,BKN,OVC,800.00,1400.00,4000.00
YPMQ,2021-02-21 00:00,SCT,BKN,OVC,1500.00,2500.00,3200.00
YPMQ,2021-02-21 01:00,BKN,BKN,BKN,800.00,2100.00,3500.00
YPMQ,2021-02-21 03:00,SCT,SCT,BKN,1900.00,3500.00,4700.00
YPMQ,2021-02-21 04:00,BKN,BKN,BKN,600.00,2500.00,3100.00
YPMQ,2021-02-21 05:00,BKN,OVC,,800.00,1300.00,
YPMQ,2021-02-21 06:00,BKN,BKN,BKN,800.00,2000.00,2900.00
YPMQ,2021-02-21 07:00,SCT,BKN,BKN,800.00,2200.00,2800.00
YPMQ,2021-02-21 08:00,SCT,BKN,OVC,600.00,1300.00,1900.00
YPMQ,2021-02-21 09:00,BKN,,,2000.00,,
YPMQ,2021-02-21 10:00,BKN,BKN,OVC,600.00,1600.00,2200.00
YPMQ,2021-02-21 11:00,SCT,BKN,OVC,800.00,1700.00,2500.00
YPMQ,2021-02-21 12:00,SCT,BKN,OVC,1100.00,1600.00,2500.00
YPMQ,2021-02-21 13:00,SCT,SCT,SCT,1200.00,1800.00,2300.00
YPMQ,2021-02-21 16:00,BKN,BKN,,3300.00,5600.00,
YPMQ,2021-02-22 19:00,BKN,OVC,,1100.00,1800.00,
YPMQ,2021-02-22 20:00,SCT,SCT,BKN,500.00,900.00,1200.00
YPMQ,2021-02-22 23:00,BKN,BKN,OVC,600.00,900.00,1600.00
YPMQ,2021-02-23 00:00,SCT,SCT,BKN,500.00,800.00,1300.00
YPMQ,2021-02-23 01:00,BKN,BKN,BKN,600.00,1000.00,2900.00
YPMQ,2021-02-23 06:00,SCT,BKN,BKN,2100.00,2800.00,3500.00
YPMQ,2021-02-23 09:00,BKN,BKN,BKN,700.00,1300.00,2300.00
YPMQ,2021-02-23 11:00,SCT,SCT,BKN,600.00,1200.00,1700.00
YPMQ,2021-02-23 13:00,BKN,OVC,OVC,1900.00,2900.00,3500.00
YPMQ,2021-02-23 14:00,SCT,BKN,BKN,400.00,1800.00,2900.00
YPMQ,2021-02-23 15:00,SCT,SCT,BKN,1900.00,2800.00,3800.00
YPMQ,2021-02-23 17:00,BKN,BKN,OVC,1800.00,2600.00,3200.00
YPMQ,2021-02-23 20:00,SCT,BKN,,600.00,1100.00,
YPMQ,2021-02-24 00:00,SCT,BKN,OVC,800.00,2900.00,3700.00
YPMQ,2021-02-24 07:00,SCT,BKN,OVC,2900.00,4300.00,5300.00
YPMQ,2021-02-24 15:00,SCT,BKN,,1100.00,1400.00,
YPMQ,2021-02-24 16:00,OVC,,,1100.00,,
YPMQ,2021-02-25 09:00,SCT,BKN,BKN,1000.00,9800.00,12500.00
YPMQ,2021-02-25 10:00,BKN,,,600.00,,
YPMQ,2021-02-25 11:00,OVC,,,800.00,,
YPMQ,2021-02-25 12:00,BKN,,,1500.00,,
YPMQ,2021-02-26 22:00,OVC,,,1200.00,,
YPMQ,2021-02-26 23:00,OVC,,,1000.00,,
YPMQ,2021-02-27 00:00,SCT,BKN,BKN,400.00,600.00,1200.00
YPMQ,2021-02-27 02:00,SCT,SCT,BKN,400.00,900.00,1500.00
YPMQ,2021-02-27 03:00,BKN,BKN,BKN,600.00,900.00,1500.00
YPMQ,2021-02-27 05:00,BKN,BKN,OVC,700.00,1000.00,2000.00
YPMQ,2021-02-27 07:00,BKN,BKN,,900.00,1200.00,
YPMQ,2021-02-27 11:00,BKN,,,1300.00,,
YPMQ,2021-02-27 12:00,BKN,,,100.00,,
YPMQ,2021-02-27 13:00,OVC,,,100.00,,
YPMQ,2021-02-27 14:00,OVC,,,100.00,,
YPMQ,2021-02-27 15:00,OVC,,,100.00,,
YPMQ,2021-02-27 16:00,OVC,,,100.00,,
YPMQ,2021-02-27 17:00,OVC,,,100.00,,
YPMQ,2021-02-27 18:00,OVC,,,100.00,,
YPMQ,2021-02-27 19:00,OVC,,,100.00,,
YPMQ,2021-02-27 20:00,OVC,,,100.00,,
YPMQ,2021-02-27 21:00,OVC,,,100.00,,
YPMQ,2021-02-27 22:00,OVC,,,300.00,,
YPMQ,2021-02-27 23:00,BKN,,,500.00,,
YPMQ,2021-02-28 16:00,BKN,,,500.00,,
YPMQ,2021-02-28 17:00,BKN,,,600.00,,
YPMQ,2021-02-28 18:00,BKN,,,400.00,,
YPMQ,2021-02-28 19:00,OVC,,,500.00,,
YPMQ,2021-02-28 20:00,SCT,SCT,,800.00,1900.00,
YPMQ,2021-02-28 21:00,SCT,BKN,BKN,1300.00,1700.00,2400.00
YPMQ,2021-02-28 22:00,SCT,BKN,BKN,1500.00,2500.00,3100.00
YPMQ,2021-02-28 23:00,BKN,BKN,,1500.00,2400.00,
YPMQ,2021-03-01 00:00,SCT,SCT,BKN,1500.00,1900.00,2600.00
YPMQ,2021-03-03 04:00,SCT,OVC,OVC,1700.00,2500.00,3200.00
YPMQ,2021-03-06 13:00,BKN,BKN,OVC,2900.00,3700.00,4400.00
YPMQ,2021-03-08 07:00,SCT,OVC,,5600.00,11500.00,
YPMQ,2021-03-09 05:00,BKN,BKN,,7300.00,12000.00,
YPMQ,2021-03-09 19:00,SCT,SCT,BKN,2300.00,3100.00,4700.00
YPMQ,2021-03-10 22:00,BKN,BKN,OVC,4500.00,4900.00,5900.00
YPMQ,2021-03-10 23:00,SCT,SCT,SCT,600.00,2000.00,3000.00
YPMQ,2021-03-11 00:00,SCT,SCT,BKN,1600.00,3600.00,4400.00
YPMQ,2021-03-11 03:00,BKN,BKN,,1300.00,5700.00,
YPMQ,2021-03-11 04:00,BKN,BKN,OVC,1400.00,2000.00,4400.00
YPMQ,2021-03-13 19:00,BKN,,,200.00,,
YPMQ,2021-03-13 20:00,OVC,,,100.00,,
YPMQ,2021-03-13 21:00,OVC,,,300.00,,
YPMQ,2021-03-14 06:00,BKN,BKN,OVC,1200.00,1800.00,6500.00
YPMQ,2021-03-14 07:00,BKN,OVC,,1200.00,1600.00,
YPMQ,2021-03-14 08:00,OVC,,,1200.00,,
YPMQ,2021-03-14 09:00,OVC,,,1000.00,,
YPMQ,2021-03-14 10:00,BKN,OVC,,800.00,1300.00,
YPMQ,2021-03-14 11:00,BKN,OVC,,800.00,1300.00,
YPMQ,2021-03-14 12:00,BKN,OVC,OVC,800.00,1300.00,2000.00
YPMQ,2021-03-14 13:00,SCT,OVC,OVC,800.00,1500.00,2800.00
YPMQ,2021-03-14 14:00,SCT,BKN,BKN,1000.00,1700.00,5100.00
YPMQ,2021-03-16 14:00,SCT,SCT,BKN,1300.00,2500.00,3400.00
YPMQ,2021-03-16 16:00,SCT,SCT,BKN,1600.00,2200.00,2900.00
YPMQ,2021-03-16 17:00,SCT,SCT,BKN,1900.00,2800.00,3300.00
YPMQ,2021-03-17 15:00,SCT,BKN,BKN,1000.00,1600.00,2200.00
YPMQ,2021-03-17 16:00,SCT,BKN,BKN,1700.00,2400.00,4200.00
YPMQ,2021-03-17 17:00,SCT,BKN,BKN,400.00,1600.00,2000.00
YPMQ,2021-03-17 18:00,SCT,OVC,,500.00,1700.00,
YPMQ,2021-03-17 19:00,SCT,BKN,OVC,1100.00,2000.00,2800.00
YPMQ,2021-03-17 20:00,SCT,BKN,BKN,1100.00,1700.00,2400.00
YPMQ,2021-03-17 22:00,SCT,BKN,BKN,500.00,1500.00,1800.00
YPMQ,2021-03-18 03:00,BKN,BKN,OVC,2400.00,2800.00,3800.00
YPMQ,2021-03-18 05:00,SCT,BKN,OVC,600.00,1500.00,5300.00
YPMQ,2021-03-18 06:00,BKN,BKN,BKN,1600.00,2800.00,4400.00
YPMQ,2021-03-18 07:00,SCT,SCT,BKN,900.00,7200.00,8800.00
YPMQ,2021-03-18 08:00,SCT,SCT,BKN,400.00,1800.00,4100.00
YPMQ,2021-03-18 09:00,SCT,SCT,BKN,2500.00,5200.00,6200.00
YPMQ,2021-03-18 10:00,OVC,OVC,,900.00,1300.00,
YPMQ,2021-03-18 11:00,SCT,OVC,OVC,800.00,2100.00,3300.00
YPMQ,2021-03-18 17:00,SCT,SCT,BKN,700.00,2100.00,3400.00
YPMQ,2021-03-18 18:00,SCT,BKN,BKN,2100.00,4000.00,6500.00
YPMQ,2021-03-18 19:00,SCT,BKN,OVC,1700.00,2700.00,4600.00
YPMQ,2021-03-18 23:00,SCT,BKN,BKN,700.00,1000.00,1900.00
YPMQ,2021-03-19 00:00,SCT,BKN,BKN,1400.00,2000.00,2400.00
YPMQ,2021-03-19 01:00,BKN,OVC,,600.00,1200.00,
YPMQ,2021-03-19 02:00,SCT,SCT,BKN,600.00,1300.00,1900.00
YPMQ,2021-03-19 03:00,BKN,BKN,OVC,1400.00,2300.00,3300.00
YPMQ,2021-03-19 04:00,SCT,BKN,BKN,800.00,1400.00,2400.00
YPMQ,2021-03-19 07:00,SCT,SCT,BKN,900.00,2100.00,3400.00
YPMQ,2021-03-19 08:00,BKN,OVC,,1100.00,1700.00,
YPMQ,2021-03-19 09:00,SCT,BKN,OVC,600.00,2200.00,2900.00
YPMQ,2021-03-19 12:00,BKN,OVC,,800.00,1400.00,
YPMQ,2021-03-19 13:00,SCT,BKN,BKN,1000.00,1400.00,2300.00
YPMQ,2021-03-19 14:00,SCT,BKN,BKN,900.00,1400.00,2000.00
YPMQ,2021-03-19 15:00,SCT,BKN,BKN,700.00,3600.00,4100.00
YPMQ,2021-03-19 16:00,SCT,SCT,BKN,600.00,1100.00,1700.00
YPMQ,2021-03-19 17:00,SCT,BKN,BKN,1000.00,2100.00,3300.00
YPMQ,2021-03-19 18:00,SCT,BKN,BKN,800.00,1900.00,4900.00
YPMQ,2021-03-19 19:00,SCT,BKN,BKN,1500.00,2100.00,3000.00
YPMQ,2021-03-19 20:00,SCT,BKN,BKN,1400.00,2200.00,2700.00
YPMQ,2021-03-19 23:00,SCT,BKN,OVC,1000.00,2100.00,3400.00
YPMQ,2021-03-20 01:00,SCT,SCT,BKN,1500.00,3200.00,5200.00
YPMQ,2021-03-20 02:00,SCT,SCT,BKN,1700.00,3400.00,5500.00
YPMQ,2021-03-20 11:00,SCT,BKN,OVC,1300.00,2700.00,3700.00
YPMQ,2021-03-20 13:00,BKN,BKN,BKN,1500.00,3600.00,4100.00
YPMQ,2021-03-20 15:00,SCT,BKN,BKN,900.00,1800.00,3000.00
YPMQ,2021-03-20 17:00,SCT,BKN,BKN,800.00,1200.00,2100.00
YPMQ,2021-03-20 18:00,SCT,OVC,,700.00,1300.00,
YPMQ,2021-03-20 19:00,BKN,OVC,,1100.00,2200.00,
YPMQ,2021-03-20 20:00,BKN,BKN,BKN,1500.00,1800.00,2300.00
YPMQ,2021-03-20 21:00,BKN,BKN,OVC,1100.00,1900.00,2400.00
YPMQ,2021-03-20 22:00,BKN,BKN,OVC,1100.00,1500.00,3800.00
YPMQ,2021-03-20 23:00,BKN,OVC,OVC,900.00,1500.00,2600.00
YPMQ,2021-03-21 00:00,BKN,BKN,OVC,1500.00,2100.00,2700.00
YPMQ,2021-03-21 01:00,BKN,BKN,OVC,1300.00,1900.00,2400.00
YPMQ,2021-03-21 04:00,BKN,BKN,OVC,1400.00,2500.00,3100.00
YPMQ,2021-03-21 05:00,BKN,BKN,BKN,1400.00,2200.00,3000.00
YPMQ,2021-03-21 08:00,BKN,BKN,OVC,1400.00,2100.00,2800.00
YPMQ,2021-03-21 10:00,BKN,BKN,OVC,1200.00,1600.00,3200.00
YPMQ,2021-03-21 11:00,BKN,BKN,OVC,1000.00,2900.00,3800.00
YPMQ,2021-03-22 08:00,SCT,SCT,BKN,1500.00,3900.00,4800.00
YPMQ,2021-03-22 11:00,SCT,BKN,OVC,2000.00,3000.00,4100.00
YPMQ,2021-03-22 12:00,BKN,BKN,BKN,1900.00,4300.00,5500.00
YPMQ,2021-03-22 16:00,SCT,BKN,BKN,700.00,1800.00,3200.00
YPMQ,2021-03-22 22:00,BKN,OVC,,600.00,1000.00,
YPMQ,2021-03-22 23:00,BKN,OVC,,1300.00,1800.00,
YPMQ,2021-03-23 00:00,BKN,BKN,OVC,1100.00,3100.00,3900.00
YPMQ,2021-03-23 01:00,SCT,OVC,OVC,700.00,1100.00,1800.00
YPMQ,2021-03-23 02:00,SCT,BKN,OVC,1000.00,1200.00,4000.00
YPMQ,2021-03-23 03:00,OVC,,,800.00,,
YPMQ,2021-03-23 04:00,BKN,OVC,,800.00,1200.00,
YPMQ,2021-03-23 05:00,BKN,OVC,,800.00,1400.00,
YPMQ,2021-03-23 06:00,OVC,OVC,,800.00,1300.00,
YPMQ,2021-03-23 07:00,BKN,OVC,,800.00,1300.00,
YPMQ,2021-03-23 08:00,OVC,,,800.00,,
YPMQ,2021-03-23 09:00,OVC,OVC,,900.00,1200.00,
YPMQ,2021-03-23 10:00,OVC,,,700.00,,
YPMQ,2021-03-23 11:00,OVC,,,600.00,,
YPMQ,2021-03-23 12:00,OVC,,,500.00,,
YPMQ,2021-03-23 13:00,OVC,,,400.00,,
YPMQ,2021-03-23 14:00,BKN,,,300.00,,
YPMQ,2021-03-23 15:00,OVC,,,100.00,,
YPMQ,2021-03-23 16:00,BKN,OVC,,300.00,10000.00,
YPMQ,2021-03-23 19:00,BKN,BKN,OVC,100.00,7900.00,11500.00
YPMQ,2021-03-27 13:00,NCD,,,,,
YPMQ,2021-03-29 22:00,SCT,BKN,BKN,2900.00,3700.00,4400.00
YPMQ,2021-03-30 11:00,SCT,BKN,BKN,2100.00,3200.00,3700.00
YPMQ,2021-03-30 13:00,SCT,SCT,BKN,3300.00,3900.00,4700.00
YPMQ,2021-04-01 02:00,SCT,BKN,BKN,2300.00,2600.00,3200.00
YPMQ,2021-04-06 11:00,SCT,OVC,OVC,1800.00,2700.00,3200.00
YPMQ,2021-04-06 18:00,SCT,SCT,BKN,1600.00,2800.00,3800.00
YPMQ,2021-04-07 18:00,SCT,BKN,OVC,800.00,1900.00,3000.00
YPMQ,2021-04-07 19:00,SCT,SCT,BKN,1200.00,3100.00,4200.00
YPMQ,2021-04-07 20:00,SCT,BKN,OVC,6600.00,7400.00,9800.00
YPMQ,2021-04-07 21:00,SCT,OVC,OVC,600.00,1300.00,2000.00
YPMQ,2021-04-08 00:00,SCT,SCT,BKN,800.00,1900.00,4200.00
YPMQ,2021-04-15 13:00,NCD,,,,,
YPMQ,2021-04-16 13:00,BKN,BKN,OVC,3000.00,4300.00,5500.00
YPMQ,2021-04-16 17:00,BKN,BKN,OVC,1400.00,2200.00,4900.00
YPMQ,2021-04-16 18:00,SCT,SCT,BKN,1400.00,2700.00,3600.00
YPMQ,2021-04-16 19:00,SCT,BKN,BKN,600.00,1300.00,2100.00
YPMQ,2021-04-16 20:00,BKN,BKN,OVC,500.00,1000.00,1200.00
YPMQ,2021-04-16 21:00,SCT,BKN,BKN,600.00,1600.00,2900.00
YPMQ,2021-04-17 00:00,SCT,BKN,BKN,800.00,1600.00,3200.00
YPMQ,2021-04-17 01:00,BKN,BKN,OVC,2600.00,3500.00,4600.00
YPMQ,2021-04-17 03:00,OVC,,,6900.00,,
YPMQ,2021-04-29 14:00,NCD,,,,,
YPMQ,2021-04-29 15:00,NCD,,,,,
YPMQ,2021-04-30 10:00,SCT,SCT,SCT,3200.00,4200.00,5900.00
YPMQ,2021-04-30 12:00,SCT,SCT,BKN,700.00,3600.00,5900.00
YPMQ,2021-04-30 14:00,SCT,SCT,BKN,300.00,2600.00,5500.00
YPMQ,2021-05-02 13:00,SCT,,,3000.00,,
YPMQ,2021-05-02 14:00,SCT,SCT,,3000.00,5200.00,
YPMQ,2021-05-03 15:00,OVC,,,100.00,,
YPMQ,2021-05-03 16:00,OVC,,,100.00,,
YPMQ,2021-05-03 17:00,OVC,,,100.00,,
YPMQ,2021-05-03 18:00,BKN,,,100.00,,
YPMQ,2021-05-05 13:00,SCT,BKN,OVC,3400.00,4100.00,4900.00
YPMQ,2021-05-05 17:00,SCT,BKN,OVC,1100.00,1900.00,2400.00
YPMQ,2021-05-05 22:00,SCT,BKN,BKN,2800.00,4500.00,5600.00
YPMQ,2021-05-06 22:00,SCT,BKN,BKN,1400.00,2700.00,4100.00
YPMQ,2021-05-07 14:00,SCT,,,10000.00,,
YPMQ,2021-05-07 16:00,SCT,,,100.00,,
YPMQ,2021-05-07 17:00,SCT,,,100.00,,
YPMQ,2021-05-07 18:00,NCD,,,,,
YPMQ,2021-05-07 19:00,SCT,,,11000.00,,
YPMQ,2021-05-07 20:00,NCD,,,,,
YPMQ,2021-05-08 12:00,NCD,,,,,
YPMQ,2021-05-08 15:00,SCT,OVC,,1200.00,6900.00,
YPMQ,2021-05-08 22:00,BKN,OVC,,1500.00,2000.00,
YPMQ,2021-05-09 03:00,SCT,SCT,BKN,900.00,2500.00,3300.00
YPMQ,2021-05-09 04:00,SCT,BKN,BKN,4400.00,5000.00,5900.00
YPMQ,2021-05-09 07:00,BKN,BKN,,1100.00,11500.00,
YPMQ,2021-05-09 08:00,OVC,,,1300.00,,
YPMQ,2021-05-09 18:00,BKN,,,100.00,,
YPMQ,2021-05-09 19:00,OVC,,,100.00,,
YPMQ,2021-05-09 20:00,OVC,,,100.00,,
YPMQ,2021-05-09 21:00,OVC,,,200.00,,
YPMQ,2021-05-09 22:00,SCT,,,300.00,,
YPMQ,2021-05-10 16:00,SCT,,,100.00,,
YPMQ,2021-05-12 14:00,NCD,,,,,
YPMQ,2021-05-12 15:00,SCT,,,100.00,,
YPMQ,2021-05-12 16:00,OVC,,,200.00,,
YPMQ,2021-05-12 17:00,OVC,,,200.00,,
YPMQ,2021-05-12 18:00,OVC,,,100.00,,
YPMQ,2021-05-12 19:00,BKN,,,200.00,,
YPMQ,2021-05-12 20:00,OVC,,,100.00,,
YPMQ,2021-05-19 11:00,,,,,,
YPMQ,2021-05-19 12:00,NCD,,,,,
YPMQ,2021-05-21 10:00,BKN,BKN,OVC,6000.00,7300.00,8500.00
YPMQ,2021-05-21 14:00,SCT,BKN,BKN,3200.00,4700.00,5600.00
YPMQ,2021-05-21 15:00,SCT,SCT,OVC,3500.00,4700.00,5500.00
YPMQ,2021-05-23 10:00,NCD,,,,,
YPMQ,2021-05-23 13:00,SCT,,,7800.00,,
YPMQ,2021-05-24 01:00,SCT,SCT,SCT,1600.00,2500.00,4200.00
YPMQ,2021-05-24 05:00,SCT,SCT,OVC,3200.00,4700.00,5500.00
YPMQ,2021-05-25 11:00,NCD,,,,,
YPMQ,2021-05-25 15:00,NCD,,,,,
YPMQ,2021-05-25 16:00,NCD,,,,,
YPMQ,2021-05-25 19:00,NCD,,,,,
YPMQ,2021-05-25 21:00,OVC,,,100.00,,
YPMQ,2021-05-28 04:00,NCD,,,,,
YPMQ,2021-06-01 11:00,NCD,,,,,
YPMQ,2021-06-02 11:00,NCD,,,,,
YPMQ,2021-06-02 12:00,SCT,,,100.00,,
YPMQ,2021-06-03 06:00,OVC,,,7500.00,,
YPMQ,2021-06-03 11:00,NCD,,,,,
YPMQ,2021-06-03 14:00,BKN,,,100.00,,
YPMQ,2021-06-03 15:00,SCT,,,100.00,,
YPMQ,2021-06-03 16:00,,,,,,
YPMQ,2021-06-03 17:00,BKN,,,100.00,,
YPMQ,2021-06-07 13:00,NCD,,,,,
YPMQ,2021-06-07 14:00,,,,,,
YPMQ,2021-06-07 18:00,,,,,,
YPMQ,2021-06-08 17:00,SCT,SCT,OVC,2900.00,4900.00,6300.00
YPMQ,2021-06-08 19:00,BKN,OVC,,5700.00,7800.00,
YPMQ,2021-06-08 20:00,SCT,BKN,OVC,5900.00,7200.00,8700.00
YPMQ,2021-06-12 17:00,SCT,,,100.00,,
YPMQ,2021-06-15 11:00,NCD,,,,,
YPMQ,2021-06-15 12:00,NCD,,,,,
YPMQ,2021-06-16 10:00,SCT,,,11000.00,,
YPMQ,2021-06-16 19:00,,,,,,
YPMQ,2021-06-16 20:00,NCD,,,,,
YPMQ,2021-06-16 21:00,NCD,,,,,
YPMQ,2021-06-19 04:00,SCT,SCT,OVC,5100.00,7000.00,8700.00
YPMQ,2021-06-19 22:00,SCT,SCT,SCT,1700.00,2900.00,5300.00
YPMQ,2021-06-20 00:00,OVC,,,7800.00,,
YPMQ,2021-06-20 16:00,SCT,OVC,OVC,6100.00,7200.00,9300.00
YPMQ,2021-06-20 17:00,SCT,SCT,BKN,2300.00,3800.00,4800.00
YPMQ,2021-06-20 18:00,SCT,BKN,BKN,2400.00,2800.00,3900.00
YPMQ,2021-06-20 20:00,OVC,OVC,,7000.00,7800.00,
YPMQ,2021-06-20 23:00,SCT,OVC,,6700.00,8300.00,
YPMQ,2021-06-21 00:00,SCT,SCT,SCT,1100.00,2800.00,5500.00
YPMQ,2021-06-21 01:00,SCT,BKN,OVC,900.00,2800.00,4000.00
YPMQ,2021-06-21 02:00,SCT,SCT,SCT,900.00,3700.00,5500.00
YPMQ,2021-06-21 03:00,SCT,BKN,BKN,900.00,1400.00,3300.00
YPMQ,2021-06-21 08:00,SCT,BKN,BKN,2100.00,3600.00,4400.00
YPMQ,2021-06-27 11:00,NCD,,,,,
YPMQ,2021-06-29 01:00,SCT,BKN,OVC,1600.00,2100.00,2800.00
YPMQ,2021-06-29 03:00,SCT,SCT,SCT,700.00,2200.00,2600.00
YPMQ,2021-06-29 11:00,SCT,,,3500.00,,
YPMQ,2021-06-29 14:00,SCT,SCT,,3100.00,4700.00,
YPMQ,2021-06-29 17:00,SCT,SCT,SCT,2100.00,2600.00,4300.00
YPMQ,2021-06-29 18:00,SCT,SCT,SCT,2500.00,3300.00,4300.00
YPMQ,2021-06-29 20:00,SCT,BKN,BKN,1500.00,1900.00,2800.00
YPMQ,2021-06-29 23:00,SCT,BKN,OVC,4800.00,6600.00,7900.00
YPMQ,2021-06-30 00:00,SCT,BKN,BKN,300.00,4300.00,5600.00
YPMQ,2021-06-30 02:00,SCT,SCT,,800.00,5100.00,
YPMQ,2021-06-30 09:00,,,,,,
YPMQ,2021-06-30 14:00,NCD,,,,,
YPMQ,2021-06-30 15:00,SCT,SCT,,2600.00,3800.00,
YPMQ,2021-06-30 16:00,SCT,SCT,BKN,3000.00,4600.00,5500.00
YPMQ,2021-06-30 19:00,BKN,,,100.00,,
YPMQ,2021-06-30 20:00,OVC,,,100.00,,
YPMQ,2021-06-30 21:00,SCT,OVC,,2700.00,4200.00,
YPMQ,2021-07-01 06:00,SCT,SCT,BKN,1200.00,2000.00,3700.00
YPMQ,2021-07-02 12:00,SCT,BKN,,600.00,9000.00,
YPMQ,2021-07-02 13:00,BKN,OVC,,100.00,9100.00,
YPMQ,2021-07-02 14:00,,,,,,
YPMQ,2021-07-02 15:00,NCD,,,,,
YPMQ,2021-07-02 16:00,,,,,,
YPMQ,2021-07-02 17:00,SCT,BKN,,100.00,5400.00,
YPMQ,2021-07-02 18:00,SCT,,,7900.00,,
YPMQ,2021-07-03 19:00,NCD,,,,,
YPMQ,2021-07-07 11:00,,,,,,
YPMQ,2021-07-07 12:00,NCD,,,,,
YPMQ,2021-07-09 04:00,BKN,OVC,,1200.00,2000.00,
YPMQ,2021-07-09 05:00,BKN,BKN,,900.00,3700.00,
YPMQ,2021-07-09 12:00,NCD,,,,,
YPMQ,2021-07-10 01:00,BKN,BKN,OVC,3800.00,6100.00,7300.00
YPMQ,2021-07-10 02:00,BKN,BKN,,3400.00,6000.00,
YPMQ,2021-07-10 04:00,SCT,BKN,BKN,3600.00,5400.00,6300.00
YPMQ,2021-07-10 11:00,SCT,OVC,OVC,3900.00,7100.00,8100.00
YPMQ,2021-07-10 23:00,SCT,SCT,BKN,1500.00,4000.00,5600.00
YPMQ,2021-07-12 11:00,SCT,SCT,,8200.00,10500.00,
YPMQ,2021-07-12 14:00,NCD,,,,,
YPMQ,2021-07-15 12:00,NCD,,,,,
YPMQ,2021-07-15 19:00,SCT,,,100.00,,
YPMQ,2021-07-15 20:00,SCT,BKN,,100.00,12000.00,
YPMQ,2021-07-16 03:00,SCT,,,10000.00,,
YPMQ,2021-07-17 02:00,SCT,,,7200.00,,
YPMQ,2021-07-17 03:00,SCT,,,6400.00,,
YPMQ,2021-07-17 06:00,BKN,BKN,,7900.00,8900.00,
YPMQ,2021-07-22 14:00,NCD,,,,,
YPMQ,2021-07-25 00:00,SCT,,,7500.00,,
YPMQ,2021-07-25 02:00,NCD,,,,,
YPMQ,2021-07-27 11:00,NCD,,,,,
YPMQ,2021-07-27 12:00,NCD,,,,,
YPMQ,2021-07-27 13:00,NCD,,,,,
YPMQ,2021-07-27 14:00,NCD,,,,,
YPMQ,2021-07-27 15:00,SCT,,,300.00,,
YPMQ,2021-07-27 16:00,,,,,,
YPMQ,2021-07-27 17:00,NCD,,,,,
YPMQ,2021-07-27 18:00,,,,,,
YPMQ,2021-07-27 19:00,SCT,,,100.00,,
YPMQ,2021-07-30 14:00,NCD,,,,,
YPMQ,2021-07-30 17:00,,,,,,
YPMQ,2021-07-30 19:00,NCD,,,,,
YPMQ,2021-07-30 20:00,NCD,,,,,
YPMQ,2021-07-30 21:00,NCD,,,,,
YPMQ,2021-07-31 14:00,NCD,,,,,
YPMQ,2021-07-31 15:00,NCD,,,,,
YPMQ,2021-07-31 20:00,NCD,,,,,
YPMQ,2021-08-02 11:00,OVC,,,2200.00,,
YPMQ,2021-08-07 14:00,,,,,,
YPMQ,2021-08-07 15:00,NCD,,,,,
YPMQ,2021-08-07 16:00,SCT,,,5900.00,,
YPMQ,2021-08-08 04:00,SCT,BKN,BKN,800.00,1400.00,2300.00
YPMQ,2021-08-08 05:00,SCT,SCT,SCT,1000.00,2500.00,2900.00
YPMQ,2021-08-08 06:00,SCT,BKN,OVC,2800.00,3400.00,4300.00
YPMQ,2021-08-10 18:00,NCD,,,,,
YPMQ,2021-08-12 23:00,SCT,BKN,BKN,3000.00,4800.00,5900.00
YPMQ,2021-08-13 15:00,SCT,,,3800.00,,
YPMQ,2021-08-13 16:00,BKN,,,3700.00,,
YPMQ,2021-08-13 18:00,BKN,,,5800.00,,
YPMQ,2021-08-13 19:00,SCT,,,6000.00,,
YPMQ,2021-08-13 20:00,,,,,,
YPMQ,2021-08-13 21:00,NCD,,,,,
YPMQ,2021-08-14 14:00,SCT,SCT,,3100.00,6400.00,
YPMQ,2021-08-14 17:00,,,,,,
YPMQ,2021-08-14 18:00,NCD,,,,,
YPMQ,2021-08-14 20:00,NCD,,,,,
YPMQ,2021-08-14 21:00,NCD,,,,,
YPMQ,2021-08-18 15:00,SCT,,,800.00,,
YPMQ,2021-08-18 17:00,NCD,,,,,
YPMQ,2021-08-18 18:00,NCD,,,,,
YPMQ,2021-08-18 21:00,NCD,,,,,
YPMQ,2021-08-19 15:00,NCD,,,,,
YPMQ,2021-08-19 16:00,NCD,,,,,
YPMQ,2021-08-19 17:00,NCD,,,,,
YPMQ,2021-08-20 13:00,,,,,,
YPMQ,2021-08-20 14:00,,,,,,
YPMQ,2021-08-20 15:00,,,,,,
YPMQ,2021-08-20 16:00,NCD,,,,,
YPMQ,2021-08-20 17:00,NCD,,,,,
YPMQ,2021-08-21 10:00,NCD,,,,,
YPMQ,2021-08-21 16:00,NCD,,,,,
YPMQ,2021-08-22 10:00,NCD,,,,,
YPMQ,2021-08-22 11:00,NCD,,,,,
YPMQ,2021-08-22 12:00,SCT,,,800.00,,
YPMQ,2021-08-22 13:00,OVC,,,200.00,,
YPMQ,2021-08-22 14:00,SCT,SCT,,400.00,700.00,
YPMQ,2021-08-22 15:00,SCT,,,900.00,,
YPMQ,2021-08-22 16:00,NCD,,,,,
YPMQ,2021-08-23 22:00,SCT,BKN,BKN,2300.00,6400.00,7600.00
YPMQ,2021-08-24 04:00,NCD,,,,,
YPMQ,2021-08-31 10:00,NCD,,,,,
YPMQ,2021-08-31 11:00,NCD,,,,,
YPMQ,2021-08-31 12:00,NCD,,,,,
YPMQ,2021-08-31 13:00,,,,,,
YPMQ,2021-08-31 16:00,NCD,,,,,
YPMQ,2021-09-01 07:00,BKN,,,1100.00,,
YPMQ,2021-09-01 08:00,BKN,BKN,BKN,900.00,1900.00,2900.00
YPMQ,2021-09-01 09:00,BKN,BKN,,1100.00,1700.00,
YPMQ,2021-09-01 12:00,BKN,BKN,BKN,1200.00,2000.00,2700.00
YPMQ,2021-09-02 16:00,,,,,,
YPMQ,2021-09-08 14:00,NCD,,,,,
YPMQ,2021-09-08 15:00,SCT,,,2400.00,,
YPMQ,2021-09-08 16:00,NCD,,,,,
YPMQ,2021-09-08 17:00,,,,,,
YPMQ,2021-09-08 18:00,,,,,,
YPMQ,2021-09-09 14:00,NCD,,,,,
YPMQ,2021-09-09 16:00,SCT,,,100.00,,
YPMQ,2021-09-11 13:00,NCD,,,,,
YPMQ,2021-09-11 15:00,,,,,,
YPMQ,2021-09-11 16:00,,,,,,
YPMQ,2021-09-11 18:00,NCD,,,,,
YPMQ,2021-09-11 19:00,NCD,,,,,
YPMQ,2021-09-12 18:00,NCD,,,,,
YPMQ,2021-09-14 04:00,SCT,BKN,BKN,2300.00,2800.00,4100.00
YPMQ,2021-09-19 15:00,,,,,,
YPMQ,2021-09-19 16:00,,,,,,
YPMQ,2021-09-20 12:00,NCD,,,,,
YPMQ,2021-09-20 15:00,SCT,BKN,BKN,1800.00,2600.00,3300.00
YPMQ,2021-09-21 06:00,SCT,,,8600.00,,
YPMQ,2021-09-21 07:00,SCT,SCT,OVC,4700.00,6100.00,9200.00
YPMQ,2021-09-21 10:00,NCD,,,,,
YPMQ,2021-09-23 15:00,,,,,,
YPMQ,2021-09-25 23:00,BKN,OVC,OVC,2500.00,3300.00,3900.00
YPMQ,2021-09-29 15:00,BKN,OVC,,7500.00,8800.00,
YPMQ,2021-10-01 08:00,SCT,SCT,SCT,2200.00,3600.00,5100.00
YPMQ,2021-10-02 15:00,,,,,,
YPMQ,2021-10-02 16:00,SCT,,,100.00,,
YPMQ,2021-10-02 17:00,SCT,,,100.00,,
YPMQ,2021-10-02 19:00,NCD,,,,,
YPMQ,2021-10-09 18:00,OVC,,,200.00,,
YPMQ,2021-10-10 16:00,SCT,SCT,OVC,6300.00,7100.00,8700.00
YPMQ,2021-10-10 18:00,SCT,SCT,BKN,600.00,4000.00,5100.00
YPMQ,2021-10-10 19:00,OVC,,,500.00,,
YPMQ,2021-10-10 21:00,SCT,BKN,BKN,2200.00,3600.00,5300.00
YPMQ,2021-10-10 23:00,BKN,BKN,OVC,1100.00,3000.00,10000.00
YPMQ,2021-10-11 00:00,BKN,OVC,OVC,1100.00,1600.00,2500.00
YPMQ,2021-10-11 01:00,BKN,OVC,,1100.00,1800.00,
YPMQ,2021-10-11 02:00,BKN,OVC,OVC,1300.00,1700.00,5600.00
YPMQ,2021-10-11 03:00,OVC,OVC,,1100.00,2400.00,
YPMQ,2021-10-11 04:00,BKN,BKN,OVC,1100.00,1900.00,2700.00
YPMQ,2021-10-11 05:00,SCT,BKN,BKN,1500.00,1900.00,2600.00
YPMQ,2021-10-11 06:00,SCT,BKN,BKN,1400.00,2300.00,3600.00
YPMQ,2021-10-11 12:00,SCT,SCT,BKN,1700.00,2600.00,3300.00
YPMQ,2021-10-11 14:00,SCT,BKN,OVC,1300.00,2800.00,7100.00
YPMQ,2021-10-11 15:00,SCT,BKN,BKN,900.00,2100.00,2900.00
YPMQ,2021-10-11 16:00,BKN,BKN,OVC,800.00,1100.00,2000.00
YPMQ,2021-10-11 17:00,SCT,BKN,BKN,800.00,1500.00,1800.00
YPMQ,2021-10-11 18:00,SCT,BKN,OVC,900.00,1400.00,2200.00
YPMQ,2021-10-11 19:00,SCT,BKN,OVC,1400.00,2700.00,3700.00
YPMQ,2021-10-11 20:00,SCT,SCT,BKN,1300.00,2200.00,2900.00
YPMQ,2021-10-11 21:00,BKN,BKN,OVC,1500.00,2100.00,3100.00
YPMQ,2021-10-11 22:00,SCT,BKN,OVC,1100.00,1800.00,2700.00
YPMQ,2021-10-11 23:00,SCT,BKN,BKN,1000.00,1800.00,2500.00
YPMQ,2021-10-12 00:00,SCT,BKN,OVC,1800.00,2500.00,3300.00
YPMQ,2021-10-12 01:00,BKN,OVC,,2800.00,3400.00,
YPMQ,2021-10-12 04:00,SCT,SCT,BKN,1200.00,2100.00,3200.00
YPMQ,2021-10-12 05:00,SCT,SCT,SCT,1200.00,2500.00,2900.00
YPMQ,2021-10-12 10:00,SCT,SCT,SCT,1400.00,2100.00,2800.00
YPMQ,2021-10-12 12:00,BKN,OVC,,1600.00,2700.00,
YPMQ,2021-10-12 13:00,BKN,BKN,OVC,1600.00,2200.00,3700.00
YPMQ,2021-10-12 14:00,SCT,BKN,BKN,600.00,1000.00,1500.00
YPMQ,2021-10-12 15:00,BKN,BKN,BKN,800.00,1300.00,2300.00
YPMQ,2021-10-12 16:00,SCT,SCT,OVC,1300.00,2300.00,3200.00
YPMQ,2021-10-12 17:00,SCT,SCT,BKN,1500.00,2400.00,3600.00
YPMQ,2021-10-12 18:00,BKN,OVC,OVC,2500.00,3200.00,3800.00
YPMQ,2021-10-12 19:00,OVC,,,2300.00,,
YPMQ,2021-10-12 20:00,SCT,OVC,,1300.00,3100.00,
YPMQ,2021-10-13 17:00,BKN,BKN,OVC,1100.00,1900.00,2500.00
YPMQ,2021-10-13 19:00,BKN,BKN,BKN,700.00,1300.00,1800.00
YPMQ,2021-10-13 20:00,SCT,BKN,BKN,1200.00,3800.00,9100.00
YPMQ,2021-10-13 21:00,BKN,BKN,OVC,1000.00,2000.00,3700.00
YPMQ,2021-10-13 22:00,OVC,,,1200.00,,
YPMQ,2021-10-14 01:00,BKN,OVC,,1300.00,1800.00,
YPMQ,2021-10-15 00:00,NCD,,,,,
YPMQ,2021-10-15 01:00,NCD,,,,,
YPMQ,2021-10-16 02:00,NCD,,,,,
YPMQ,2021-10-17 17:00,NCD,,,,,
YPMQ,2021-10-20 06:00,BKN,OVC,,7800.00,9100.00,
YPMQ,2021-10-21 14:00,,,,,,
YPMQ,2021-10-21 15:00,NCD,,,,,
YPMQ,2021-10-21 16:00,,,,,,
YPMQ,2021-10-21 17:00,SCT,,,5400.00,,
YPMQ,2021-10-21 18:00,BKN,BKN,,100.00,3900.00,
YPMQ,2021-10-21 19:00,BKN,OVC,,200.00,5500.00,
YPMQ,2021-10-21 20:00,OVC,,,200.00,,
YPMQ,2021-10-22 12:00,SCT,,,6400.00,,
YPMQ,2021-10-22 13:00,NCD,,,,,
YPMQ,2021-10-22 14:00,NCD,,,,,
YPMQ,2021-10-22 15:00,SCT,,,400.00,,
YPMQ,2021-10-22 16:00,BKN,,,400.00,,
YPMQ,2021-10-22 17:00,,,,,,
YPMQ,2021-10-22 18:00,SCT,,,600.00,,
YPMQ,2021-10-22 19:00,SCT,,,600.00,,
YPMQ,2021-10-23 09:00,BKN,,,11500.00,,
YPMQ,2021-10-23 12:00,SCT,BKN,BKN,1800.00,3600.00,7300.00
YPMQ,2021-10-24 02:00,NCD,,,,,
YPMQ,2021-10-26 16:00,SCT,,,3400.00,,
YPMQ,2021-10-26 19:00,SCT,,,3000.00,,
YPMQ,2021-10-27 15:00,OVC,,,1300.00,,
YPMQ,2021-10-27 18:00,OVC,,,1400.00,,
YPMQ,2021-10-27 20:00,BKN,,,100.00,,
YPMQ,2021-10-28 13:00,NCD,,,,,
YPMQ,2021-10-28 14:00,NCD,,,,,
YPMQ,2021-10-30 08:00,SCT,SCT,SCT,1000.00,2100.00,2600.00
YPMQ,2021-10-30 09:00,SCT,OVC,,900.00,2000.00,
YPMQ,2021-10-30 10:00,BKN,OVC,,700.00,2100.00,
YPMQ,2021-10-30 11:00,SCT,BKN,BKN,700.00,1200.00,2000.00
YPMQ,2021-10-30 12:00,BKN,OVC,,600.00,1000.00,
YPMQ,2021-10-30 13:00,BKN,BKN,OVC,600.00,1200.00,1900.00
YPMQ,2021-10-30 14:00,BKN,BKN,OVC,1000.00,1600.00,2200.00
YPMQ,2021-10-30 15:00,BKN,OVC,OVC,900.00,1400.00,2800.00
YPMQ,2021-10-30 17:00,BKN,BKN,BKN,1400.00,2100.00,2900.00
YPMQ,2021-11-02 17:00,SCT,SCT,,3700.00,5600.00,
YPMQ,2021-11-05 05:00,SCT,OVC,,1900.00,3800.00,
YPMQ,2021-11-05 17:00,NCD,,,,,
YPMQ,2021-11-05 18:00,,,,,,
YPMQ,2021-11-05 19:00,SCT,,,400.00,,
YPMQ,2021-11-07 16:00,BKN,OVC,,1100.00,7000.00,
YPMQ,2021-11-07 17:00,BKN,OVC,,9000.00,10500.00,
YPMQ,2021-11-07 18:00,SCT,SCT,OVC,1300.00,6900.00,7900.00
YPMQ,2021-11-07 20:00,BKN,BKN,OVC,600.00,1100.00,1800.00
YPMQ,2021-11-07 21:00,BKN,BKN,BKN,600.00,7400.00,9500.00
YPMQ,2021-11-07 22:00,BKN,OVC,,700.00,12000.00,
YPMQ,2021-11-07 23:00,SCT,SCT,,700.00,1300.00,
YPMQ,2021-11-10 08:00,OVC,,,1400.00,,
YPMQ,2021-11-10 09:00,OVC,,,1200.00,,
YPMQ,2021-11-10 10:00,OVC,,,1200.00,,
YPMQ,2021-11-10 15:00,SCT,SCT,,900.00,12500.00,
YPMQ,2021-11-10 16:00,OVC,,,100.00,,
YPMQ,2021-11-10 17:00,OVC,,,200.00,,
YPMQ,2021-11-10 18:00,OVC,,,200.00,,
YPMQ,2021-11-10 19:00,BKN,,,100.00,,
YPMQ,2021-11-10 20:00,OVC,,,300.00,,
YPMQ,2021-11-10 21:00,BKN,,,400.00,,
YPMQ,2021-11-10 22:00,SCT,,,600.00,,
YPMQ,2021-11-11 04:00,BKN,OVC,,1000.00,2200.00,
YPMQ,2021-11-11 05:00,SCT,BKN,BKN,800.00,3000.00,7700.00
YPMQ,2021-11-11 06:00,BKN,OVC,OVC,500.00,900.00,2200.00
YPMQ,2021-11-11 07:00,BKN,OVC,,400.00,2100.00,
YPMQ,2021-11-11 08:00,BKN,BKN,BKN,700.00,2200.00,2700.00
YPMQ,2021-11-11 09:00,SCT,OVC,OVC,300.00,600.00,5900.00
YPMQ,2021-11-11 10:00,BKN,OVC,,500.00,1900.00,
YPMQ,2021-11-11 11:00,SCT,SCT,BKN,500.00,1200.00,1500.00
YPMQ,2021-11-11 12:00,OVC,OVC,,300.00,600.00,
YPMQ,2021-11-11 13:00,OVC,OVC,,400.00,800.00,
YPMQ,2021-11-11 14:00,OVC,OVC,,600.00,1100.00,
YPMQ,2021-11-11 15:00,BKN,OVC,,400.00,900.00,
YPMQ,2021-11-11 16:00,OVC,,,300.00,,
YPMQ,2021-11-11 17:00,OVC,,,200.00,,
YPMQ,2021-11-11 18:00,OVC,,,100.00,,
YPMQ,2021-11-11 19:00,OVC,,,300.00,,
YPMQ,2021-11-11 20:00,OVC,,,200.00,,
YPMQ,2021-11-12 05:00,NCD,,,,,
YPMQ,2021-11-12 22:00,NCD,,,,,
YPMQ,2021-11-12 23:00,NCD,,,,,
YPMQ,2021-11-13 01:00,NCD,,,,,
YPMQ,2021-11-13 06:00,SCT,,,8300.00,,
YPMQ,2021-11-17 12:00,SCT,OVC,OVC,2300.00,2900.00,3600.00
YPMQ,2021-11-20 07:00,SCT,SCT,BKN,3300.00,6700.00,8600.00
YPMQ,2021-11-20 15:00,SCT,BKN,BKN,5600.00,6400.00,7400.00
YPMQ,2021-11-20 16:00,SCT,SCT,BKN,500.00,1200.00,2800.00
YPMQ,2021-11-20 17:00,SCT,BKN,OVC,700.00,5700.00,6600.00
YPMQ,2021-11-20 18:00,BKN,BKN,BKN,400.00,5900.00,7200.00
YPMQ,2021-11-20 22:00,BKN,BKN,BKN,500.00,2000.00,5500.00
YPMQ,2021-11-21 01:00,SCT,BKN,BKN,600.00,1300.00,2000.00
YPMQ,2021-11-21 02:00,SCT,BKN,OVC,800.00,1300.00,2800.00
YPMQ,2021-11-21 03:00,BKN,BKN,OVC,1300.00,1900.00,2400.00
YPMQ,2021-11-21 10:00,SCT,BKN,BKN,800.00,1500.00,2500.00
YPMQ,2021-11-21 11:00,SCT,SCT,SCT,600.00,900.00,1400.00
YPMQ,2021-11-21 12:00,BKN,OVC,,600.00,1100.00,
YPMQ,2021-11-21 13:00,SCT,SCT,BKN,600.00,1700.00,3200.00
YPMQ,2021-11-21 14:00,SCT,BKN,OVC,300.00,800.00,1000.00
YPMQ,2021-11-21 15:00,SCT,BKN,BKN,1500.00,2300.00,3000.00
YPMQ,2021-11-21 16:00,BKN,OVC,OVC,600.00,1200.00,1700.00
YPMQ,2021-11-21 17:00,SCT,BKN,BKN,1400.00,2300.00,2900.00
YPMQ,2021-11-21 18:00,BKN,BKN,BKN,700.00,1600.00,4600.00
YPMQ,2021-11-21 20:00,BKN,OVC,,700.00,1400.00,
YPMQ,2021-11-21 21:00,OVC,OVC,,600.00,1100.00,
YPMQ,2021-11-21 22:00,OVC,,,1400.00,,
YPMQ,2021-11-22 00:00,BKN,OVC,,1500.00,2100.00,
YPMQ,2021-11-22 01:00,BKN,OVC,OVC,700.00,1600.00,2200.00
YPMQ,2021-11-22 02:00,BKN,BKN,OVC,700.00,1400.00,1700.00
YPMQ,2021-11-22 09:00,SCT,BKN,OVC,1400.00,2100.00,2700.00
YPMQ,2021-11-22 10:00,SCT,BKN,OVC,1500.00,2500.00,3400.00
YPMQ,2021-11-22 11:00,SCT,SCT,BKN,1200.00,1700.00,2300.00
YPMQ,2021-11-22 15:00,SCT,BKN,BKN,900.00,1300.00,1800.00
YPMQ,2021-11-22 16:00,BKN,OVC,,900.00,1300.00,
YPMQ,2021-11-22 17:00,SCT,BKN,BKN,400.00,800.00,1400.00
YPMQ,2021-11-22 18:00,BKN,OVC,,500.00,1000.00,
YPMQ,2021-11-22 19:00,SCT,BKN,OVC,600.00,1500.00,2000.00
YPMQ,2021-11-22 20:00,SCT,SCT,BKN,600.00,1000.00,1700.00
YPMQ,2021-11-22 22:00,SCT,BKN,BKN,600.00,1000.00,2200.00
YPMQ,2021-11-22 23:00,BKN,BKN,OVC,1300.00,2000.00,2400.00
YPMQ,2021-11-23 08:00,SCT,SCT,,1500.00,2000.00,
YPMQ,2021-11-23 21:00,BKN,OVC,,1800.00,2500.00,
YPMQ,2021-11-24 12:00,SCT,BKN,BKN,1200.00,2200.00,2700.00
YPMQ,2021-11-24 14:00,BKN,BKN,OVC,1400.00,2300.00,3300.00
YPMQ,2021-11-24 15:00,BKN,BKN,OVC,1200.00,1700.00,2100.00
YPMQ,2021-11-24 16:00,SCT,BKN,BKN,600.00,1500.00,2900.00
YPMQ,2021-11-24 17:00,BKN,OVC,,600.00,1300.00,
YPMQ,2021-11-24 18:00,BKN,OVC,,600.00,1200.00,
YPMQ,2021-11-24 19:00,BKN,OVC,OVC,800.00,1800.00,2700.00
YPMQ,2021-11-24 20:00,SCT,BKN,OVC,800.00,1300.00,2000.00
YPMQ,2021-11-24 21:00,BKN,OVC,,600.00,1000.00,
YPMQ,2021-11-24 22:00,OVC,OVC,,600.00,1400.00,
YPMQ,2021-11-24 23:00,BKN,OVC,,1000.00,6700.00,
YPMQ,2021-11-25 00:00,BKN,BKN,,1400.00,1900.00,
YPMQ,2021-11-25 15:00,BKN,,,1000.00,,
YPMQ,2021-11-25 16:00,OVC,OVC,,1000.00,9600.00,
YPMQ,2021-11-25 21:00,OVC,,,1400.00,,
YPMQ,2021-11-25 22:00,BKN,OVC,,1000.00,1300.00,
YPMQ,2021-11-25 23:00,BKN,BKN,OVC,600.00,1000.00,6500.00
YPMQ,2021-11-26 00:00,SCT,BKN,OVC,800.00,1600.00,2100.00
YPMQ,2021-11-26 01:00,BKN,OVC,,600.00,1100.00,
YPMQ,2021-11-26 02:00,SCT,OVC,OVC,1500.00,2200.00,3000.00
YPMQ,2021-11-26 03:00,SCT,SCT,BKN,2400.00,2800.00,3500.00
YPMQ,2021-11-26 04:00,OVC,,,1200.00,,
YPMQ,2021-11-26 05:00,BKN,OVC,,1200.00,1800.00,
YPMQ,2021-11-26 19:00,BKN,OVC,OVC,1500.00,2200.00,8000.00
YPMQ,2021-11-27 00:00,OVC,,,1400.00,,
YPMQ,2021-11-27 08:00,BKN,OVC,OVC,1400.00,2300.00,5300.00
YPMQ,2021-11-27 17:00,SCT,OVC,,900.00,1600.00,
YPMQ,2021-11-27 20:00,SCT,BKN,BKN,1000.00,1900.00,4400.00
YPMQ,2021-11-27 22:00,SCT,BKN,BKN,1500.00,1800.00,2800.00
YPMQ,2021-11-28 01:00,SCT,BKN,BKN,800.00,1800.00,2600.00
YPMQ,2021-11-30 09:00,SCT,OVC,,1400.00,2200.00,
YPMQ,2021-11-30 11:00,SCT,OVC,,1100.00,1900.00,
YPMQ,2021-11-30 14:00,SCT,BKN,OVC,600.00,1000.00,1500.00
YPMQ,2021-11-30 15:00,SCT,BKN,OVC,800.00,2500.00,11500.00
YPMQ,2021-11-30 18:00,SCT,BKN,BKN,600.00,1200.00,1800.00
YPMQ,2021-11-30 20:00,BKN,BKN,BKN,900.00,2800.00,5900.00
YPMQ,2021-11-30 21:00,BKN,OVC,,600.00,1400.00,
YPMQ,2021-11-30 22:00,BKN,OVC,OVC,600.00,1800.00,4100.00
YPMQ,2021-11-30 23:00,SCT,BKN,BKN,600.00,1200.00,1500.00
YPMQ,2021-12-01 00:00,BKN,OVC,,600.00,900.00,
YPMQ,2021-12-01 01:00,SCT,SCT,BKN,600.00,900.00,1500.00
YPMQ,2021-12-01 02:00,BKN,BKN,OVC,500.00,900.00,2700.00
YPMQ,2021-12-01 03:00,BKN,BKN,BKN,600.00,1300.00,1700.00
YPMQ,2021-12-01 04:00,BKN,BKN,OVC,800.00,1400.00,2000.00
YPMQ,2021-12-01 05:00,BKN,OVC,,800.00,1300.00,
YPMQ,2021-12-01 06:00,OVC,,,800.00,,
YPMQ,2021-12-01 07:00,SCT,BKN,BKN,800.00,1500.00,3000.00
YPMQ,2021-12-01 08:00,SCT,BKN,BKN,800.00,1400.00,2100.00
YPMQ,2021-12-01 13:00,SCT,SCT,BKN,1300.00,1600.00,2100.00
YPMQ,2021-12-01 14:00,SCT,BKN,BKN,800.00,1100.00,1500.00
YPMQ,2021-12-01 16:00,SCT,SCT,BKN,1000.00,2300.00,2800.00
YPMQ,2021-12-01 17:00,SCT,BKN,BKN,600.00,1700.00,2200.00
YPMQ,2021-12-01 18:00,SCT,OVC,,500.00,1100.00,
YPMQ,2021-12-01 19:00,BKN,OVC,,1100.00,1900.00,
YPMQ,2021-12-01 20:00,SCT,BKN,BKN,1700.00,2100.00,2600.00
YPMQ,2021-12-01 21:00,SCT,BKN,OVC,700.00,1200.00,1700.00
YPMQ,2021-12-01 22:00,BKN,OVC,OVC,1300.00,2000.00,2800.00
YPMQ,2021-12-01 23:00,SCT,BKN,OVC,600.00,1100.00,3200.00
YPMQ,2021-12-02 02:00,BKN,BKN,OVC,1500.00,2100.00,2700.00
YPMQ,2021-12-02 15:00,BKN,OVC,,1700.00,2200.00,
YPMQ,2021-12-03 18:00,BKN,,,100.00,,
YPMQ,2021-12-03 19:00,OVC,,,100.00,,
YPMQ,2021-12-04 05:00,BKN,BKN,OVC,4000.00,4700.00,6200.00
YPMQ,2021-12-04 06:00,SCT,SCT,BKN,1900.00,2800.00,5000.00
YPMQ,2021-12-04 07:00,BKN,OVC,,1400.00,2300.00,
YPMQ,2021-12-04 08:00,BKN,OVC,,1200.00,1700.00,
YPMQ,2021-12-04 09:00,BKN,BKN,OVC,1100.00,1800.00,11000.00
YPMQ,2021-12-04 10:00,BKN,BKN,,1500.00,10000.00,
YPMQ,2021-12-04 18:00,BKN,BKN,,1200.00,2100.00,
YPMQ,2021-12-05 00:00,SCT,BKN,OVC,2700.00,3300.00,4100.00
YPMQ,2021-12-07 00:00,BKN,,,6000.00,,
YPMQ,2021-12-07 08:00,SCT,SCT,SCT,1900.00,4200.00,5600.00
YPMQ,2021-12-07 15:00,SCT,SCT,BKN,900.00,1300.00,1800.00
YPMQ,2021-12-08 12:00,SCT,SCT,BKN,3900.00,5200.00,6900.00
YPMQ,2021-12-08 13:00,SCT,BKN,OVC,6800.00,8600.00,11000.00
YPMQ,2021-12-09 04:00,NCD,,,,,
YPMQ,2021-12-09 05:00,SCT,SCT,BKN,3600.00,7300.00,9500.00
YPMQ,2021-12-09 09:00,SCT,BKN,,1400.00,1900.00,
YPMQ,2021-12-09 10:00,BKN,OVC,,1300.00,12000.00,
YPMQ,2021-12-16 08:00,BKN,BKN,OVC,1500.00,2900.00,3800.00
YPMQ,2021-12-21 03:00,NCD,,,,,
YPMQ,2021-12-21 09:00,SCT,SCT,,3100.00,10000.00,
YPMQ,2021-12-21 10:00,SCT,SCT,,2200.00,10000.00,
YPMQ,2021-12-22 09:00,BKN,BKN,OVC,1000.00,6900.00,12500.00
YPMQ,2021-12-22 10:00,OVC,,,12500.00,,
YPMQ,2021-12-23 01:00,SCT,BKN,BKN,1000.00,1500.00,3000.00
YPMQ,2021-12-23 07:00,SCT,OVC,,11000.00,12000.00,
YPMQ,2021-12-23 08:00,SCT,BKN,BKN,1100.00,1700.00,2500.00
YPMQ,2021-12-23 17:00,OVC,,,200.00,,
YPMQ,2021-12-23 18:00,OVC,,,300.00,,
YPMQ,2021-12-25 13:00,NCD,,,,,
YPMQ,2021-12-25 19:00,NCD,,,,,
YPMQ,2021-12-26 20:00,SCT,SCT,BKN,1400.00,2300.00,3400.00
YPMQ,2021-12-26 21:00,BKN,OVC,OVC,1500.00,3600.00,6800.00
YPMQ,2021-12-27 01:00,BKN,OVC,OVC,1600.00,5500.00,11500.00
YPMQ,2021-12-27 03:00,BKN,BKN,OVC,1200.00,1900.00,2800.00
YPMQ,2021-12-27 04:00,BKN,BKN,BKN,800.00,1900.00,3600.00
YPMQ,2021-12-28 00:00,SCT,SCT,BKN,1400.00,2600.00,3700.00
YPMQ,2021-12-28 20:00,SCT,OVC,,2600.00,3800.00,
YPMQ,2021-12-29 11:00,BKN,BKN,BKN,3200.00,4600.00,6500.00
YPMQ,2021-12-29 12:00,SCT,BKN,OVC,2000.00,3600.00,4900.00
YPMQ,2022-01-01 06:00,BKN,OVC,,2500.00,3800.00,
YPMQ,2022-01-01 11:00,BKN,BKN,OVC,1200.00,2600.00,4000.00
YPMQ,2022-01-01 12:00,SCT,SCT,OVC,2600.00,3600.00,6300.00
YPMQ,2022-01-03 15:00,SCT,BKN,BKN,800.00,1500.00,1800.00
YPMQ,2022-01-03 16:00,BKN,OVC,,800.00,1300.00,
YPMQ,2022-01-03 17:00,BKN,BKN,OVC,800.00,1000.00,2100.00
YPMQ,2022-01-03 18:00,BKN,BKN,BKN,800.00,2500.00,3400.00
YPMQ,2022-01-03 19:00,BKN,OVC,OVC,1400.00,1900.00,2600.00
YPMQ,2022-01-03 20:00,SCT,BKN,BKN,1500.00,2400.00,2800.00
YPMQ,2022-01-03 21:00,OVC,OVC,,600.00,1000.00,
YPMQ,2022-01-03 22:00,SCT,BKN,BKN,900.00,1500.00,1900.00
YPMQ,2022-01-04 01:00,SCT,BKN,BKN,1800.00,2400.00,2800.00
YPMQ,2022-01-04 07:00,SCT,SCT,OVC,800.00,1600.00,2400.00
YPMQ,2022-01-04 08:00,OVC,,,600.00,,
YPMQ,2022-01-04 09:00,BKN,BKN,OVC,600.00,1100.00,1900.00
YPMQ,2022-01-04 10:00,OVC,OVC,,800.00,1300.00,
YPMQ,2022-01-04 11:00,SCT,BKN,BKN,600.00,1000.00,1600.00
YPMQ,2022-01-04 12:00,BKN,BKN,BKN,700.00,1300.00,2100.00
YPMQ,2022-01-04 14:00,SCT,BKN,,1300.00,2100.00,
YPMQ,2022-01-04 15:00,BKN,BKN,OVC,1300.00,1600.00,2300.00
YPMQ,2022-01-04 20:00,SCT,SCT,BKN,1200.00,2100.00,2700.00
YPMQ,2022-01-04 21:00,BKN,BKN,OVC,1200.00,1700.00,5400.00
YPMQ,2022-01-04 22:00,BKN,BKN,OVC,1000.00,3400.00,4100.00
YPMQ,2022-01-04 23:00,SCT,BKN,BKN,700.00,1300.00,2000.00
YPMQ,2022-01-05 00:00,BKN,BKN,OVC,1400.00,1900.00,4000.00
YPMQ,2022-01-05 01:00,BKN,BKN,BKN,900.00,1400.00,2000.00
YPMQ,2022-01-05 02:00,BKN,BKN,OVC,1000.00,1900.00,2700.00
YPMQ,2022-01-05 04:00,BKN,BKN,BKN,1600.00,2100.00,3000.00
YPMQ,2022-01-05 06:00,BKN,BKN,,1400.00,4100.00,
YPMQ,2022-01-05 07:00,SCT,BKN,BKN,1200.00,2400.00,3200.00
YPMQ,2022-01-05 11:00,SCT,BKN,,1600.00,2800.00,
YPMQ,2022-01-05 12:00,BKN,BKN,OVC,1500.00,2400.00,4800.00
YPMQ,2022-01-05 14:00,SCT,SCT,OVC,1500.00,2000.00,3500.00
YPMQ,2022-01-05 15:00,BKN,BKN,BKN,1500.00,1900.00,2600.00
YPMQ,2022-01-05 17:00,BKN,BKN,BKN,600.00,1700.00,3200.00
YPMQ,2022-01-05 18:00,SCT,BKN,OVC,1100.00,1800.00,4100.00
YPMQ,2022-01-05 19:00,SCT,BKN,OVC,1300.00,1700.00,2200.00
YPMQ,2022-01-05 21:00,BKN,OVC,,1700.00,3000.00,
YPMQ,2022-01-06 09:00,SCT,BKN,OVC,1100.00,1600.00,2200.00
YPMQ,2022-01-06 12:00,SCT,SCT,BKN,600.00,1200.00,1800.00
YPMQ,2022-01-06 13:00,OVC,OVC,,1300.00,3300.00,
YPMQ,2022-01-06 14:00,SCT,SCT,BKN,1300.00,1800.00,2800.00
YPMQ,2022-01-06 15:00,SCT,BKN,OVC,1300.00,1800.00,3000.00
YPMQ,2022-01-06 16:00,BKN,BKN,OVC,900.00,1300.00,5200.00
YPMQ,2022-01-06 17:00,BKN,BKN,,1300.00,1700.00,
YPMQ,2022-01-06 18:00,BKN,OVC,,1300.00,2000.00,
YPMQ,2022-01-06 20:00,SCT,BKN,BKN,1500.00,2200.00,2900.00
YPMQ,2022-01-06 21:00,SCT,BKN,BKN,1500.00,2300.00,3700.00
YPMQ,2022-01-06 23:00,BKN,BKN,BKN,1300.00,1900.00,2400.00
YPMQ,2022-01-07 00:00,BKN,BKN,OVC,1500.00,2000.00,3100.00
YPMQ,2022-01-07 01:00,SCT,SCT,BKN,1500.00,2100.00,2700.00
YPMQ,2022-01-07 02:00,BKN,BKN,BKN,1500.00,2200.00,2900.00
YPMQ,2022-01-07 06:00,BKN,BKN,OVC,2100.00,2400.00,5200.00
YPMQ,2022-01-08 07:00,SCT,SCT,BKN,2400.00,8000.00,11000.00
YPMQ,2022-01-08 11:00,OVC,,,1500.00,,
YPMQ,2022-01-08 12:00,OVC,,,1500.00,,
YPMQ,2022-01-08 13:00,OVC,,,1500.00,,
YPMQ,2022-01-08 14:00,OVC,,,1700.00,,
YPMQ,2022-01-08 16:00,BKN,OVC,,1400.00,2300.00,
YPMQ,2022-01-08 17:00,BKN,OVC,,1200.00,3400.00,
YPMQ,2022-01-08 18:00,BKN,OVC,,1400.00,2500.00,
YPMQ,2022-01-08 19:00,OVC,OVC,,1100.00,2500.00,
YPMQ,2022-01-08 20:00,OVC,,,1100.00,,
YPMQ,2022-01-08 21:00,SCT,BKN,OVC,1100.00,2000.00,2900.00
YPMQ,2022-01-08 22:00,BKN,OVC,,1500.00,2900.00,
YPMQ,2022-01-09 04:00,SCT,BKN,OVC,1300.00,1600.00,2700.00
YPMQ,2022-01-09 05:00,BKN,OVC,,1100.00,2000.00,
YPMQ,2022-01-09 06:00,BKN,,,1700.00,,
YPMQ,2022-01-13 16:00,SCT,SCT,SCT,2200.00,3000.00,3600.00
YPMQ,2022-01-13 19:00,NCD,,,,,
YPMQ,2022-01-15 10:00,SCT,BKN,,8300.00,11000.00,
YPMQ,2022-01-15 11:00,SCT,BKN,BKN,4200.00,5700.00,7400.00
YPMQ,2022-01-16 14:00,NCD,,,,,
YPMQ,2022-01-16 15:00,,,,,,
YPMQ,2022-01-16 16:00,NCD,,,,,
YPMQ,2022-01-16 18:00,NCD,,,,,
YPMQ,2022-01-16 20:00,OVC,,,100.00,,
YPMQ,2022-01-16 21:00,OVC,,,100.00,,
YPMQ,2022-01-16 22:00,SCT,,,300.00,,
YPMQ,2022-01-17 22:00,BKN,BKN,,1500.00,2000.00,
YPMQ,2022-01-18 06:00,SCT,SCT,SCT,1700.00,3300.00,4800.00
YPMQ,2022-01-18 07:00,SCT,BKN,OVC,1400.00,6400.00,10000.00
YPMQ,2022-01-18 16:00,BKN,OVC,,1300.00,6300.00,
YPMQ,2022-01-18 20:00,BKN,OVC,OVC,1200.00,1800.00,12000.00
YPMQ,2022-01-18 21:00,BKN,OVC,OVC,1200.00,2700.00,12000.00
YPMQ,2022-01-18 22:00,BKN,BKN,BKN,1000.00,1200.00,2100.00
YPMQ,2022-01-18 23:00,OVC,OVC,,800.00,1100.00,
YPMQ,2022-01-19 00:00,BKN,BKN,BKN,600.00,1000.00,2500.00
YPMQ,2022-01-19 01:00,OVC,,,600.00,,
YPMQ,2022-01-19 02:00,BKN,OVC,,600.00,1100.00,
YPMQ,2022-01-19 03:00,BKN,BKN,BKN,1000.00,2000.00,3900.00
YPMQ,2022-01-19 04:00,BKN,OVC,,800.00,1000.00,
YPMQ,2022-01-19 05:00,SCT,BKN,BKN,1000.00,1300.00,1900.00
YPMQ,2022-01-19 06:00,SCT,BKN,OVC,1300.00,1800.00,2500.00
YPMQ,2022-01-19 07:00,BKN,OVC,,1200.00,1700.00,
YPMQ,2022-01-19 11:00,SCT,SCT,SCT,2000.00,2500.00,3100.00
YPMQ,2022-01-19 13:00,SCT,SCT,BKN,2000.00,2800.00,4000.00
YPMQ,2022-01-19 16:00,BKN,BKN,OVC,1100.00,1700.00,4000.00
YPMQ,2022-01-19 17:00,SCT,BKN,OVC,1100.00,1800.00,3500.00
YPMQ,2022-01-20 01:00,SCT,SCT,SCT,1500.00,2700.00,3300.00
YPMQ,2022-01-21 00:00,SCT,BKN,BKN,1800.00,2700.00,3400.00
YPMQ,2022-01-21 02:00,SCT,BKN,BKN,800.00,1600.00,2100.00
YPMQ,2022-01-21 08:00,SCT,BKN,BKN,1500.00,2600.00,3700.00
YPMQ,2022-01-22 13:00,SCT,BKN,OVC,2300.00,2800.00,3300.00
YPMQ,2022-01-22 17:00,BKN,BKN,OVC,1600.00,2200.00,4100.00
YPMQ,2022-01-22 18:00,SCT,BKN,BKN,1500.00,1900.00,2400.00
YPMQ,2022-01-23 12:00,SCT,SCT,BKN,1800.00,3000.00,4000.00
YPMQ,2022-01-23 13:00,SCT,BKN,BKN,800.00,1700.00,3100.00
YPMQ,2022-01-29 19:00,NCD,,,,,
YPMQ,2022-01-30 09:00,BKN,OVC,,1400.00,3100.00,
YPMQ,2022-01-30 11:00,SCT,SCT,BKN,900.00,2400.00,4000.00
YPMQ,2022-01-30 13:00,SCT,BKN,BKN,400.00,2000.00,3100.00
YPMQ,2022-01-30 14:00,BKN,BKN,BKN,1500.00,4700.00,9200.00
YPMQ,2022-01-30 15:00,SCT,SCT,BKN,1500.00,2700.00,3400.00
YPMQ,2022-01-30 16:00,BKN,,,200.00,,
YPMQ,2022-01-30 17:00,SCT,OVC,OVC,300.00,1000.00,1800.00
YPMQ,2022-01-31 15:00,NCD,,,,,
YPMQ,2022-01-31 16:00,SCT,,,300.00,,
YPMQ,2022-01-31 17:00,SCT,,,400.00,,
YPMQ,2022-01-31 18:00,OVC,,,100.00,,
YPMQ,2022-01-31 19:00,OVC,,,100.00,,
YPMQ,2022-01-31 20:00,BKN,,,100.00,,
YPMQ,2022-01-31 21:00,OVC,,,200.00,,
YPMQ,2022-02-01 05:00,SCT,SCT,BKN,2000.00,6700.00,8800.00
YPMQ,2022-02-02 02:00,BKN,OVC,,6700.00,7600.00,
YPMQ,2022-02-02 03:00,OVC,OVC,,6500.00,7400.00,
YPMQ,2022-02-02 08:00,BKN,OVC,,900.00,1400.00,
YPMQ,2022-02-02 09:00,OVC,,,600.00,,
YPMQ,2022-02-02 10:00,OVC,OVC,OVC,800.00,1300.00,3100.00
YPMQ,2022-02-02 12:00,BKN,BKN,OVC,1600.00,3100.00,5400.00
YPMQ,2022-02-02 13:00,BKN,OVC,,900.00,1300.00,
YPMQ,2022-02-02 14:00,SCT,BKN,BKN,1600.00,2800.00,4100.00
YPMQ,2022-02-02 15:00,OVC,,,9900.00,,
YPMQ,2022-02-02 16:00,SCT,OVC,,1400.00,12000.00,
YPMQ,2022-02-02 17:00,SCT,BKN,BKN,1600.00,2200.00,2800.00
YPMQ,2022-02-02 18:00,SCT,OVC,,1200.00,6600.00,
YPMQ,2022-02-02 19:00,BKN,BKN,OVC,1500.00,4200.00,5700.00
YPMQ,2022-02-02 20:00,OVC,,,600.00,,
YPMQ,2022-02-02 21:00,SCT,BKN,OVC,800.00,1100.00,1800.00
YPMQ,2022-02-02 22:00,SCT,BKN,BKN,800.00,2000.00,2500.00
YPMQ,2022-02-02 23:00,SCT,OVC,,1000.00,2000.00,
YPMQ,2022-02-03 01:00,SCT,BKN,BKN,900.00,2100.00,8100.00
YPMQ,2022-02-03 03:00,SCT,BKN,BKN,2300.00,2700.00,3500.00
YPMQ,2022-02-03 04:00,SCT,BKN,BKN,1100.00,2300.00,5800.00
YPMQ,2022-02-03 12:00,SCT,SCT,BKN,1400.00,1900.00,2300.00
YPMQ,2022-02-03 14:00,SCT,BKN,BKN,900.00,1700.00,2500.00
YPMQ,2022-02-03 17:00,BKN,BKN,OVC,1100.00,2300.00,3300.00
YPMQ,2022-02-03 18:00,BKN,BKN,BKN,1300.00,3100.00,5200.00
YPMQ,2022-02-03 23:00,SCT,SCT,SCT,1500.00,3400.00,4300.00
YPMQ,2022-02-05 07:00,SCT,BKN,BKN,1800.00,3200.00,4300.00
YPMQ,2022-02-05 08:00,SCT,SCT,BKN,1600.00,3200.00,4100.00
YPMQ,2022-02-06 03:00,,,,,,
YPMQ,2022-02-06 17:00,SCT,SCT,BKN,2700.00,3700.00,6500.00
YPMQ,2022-02-06 19:00,SCT,BKN,BKN,3200.00,4400.00,5700.00
YPMQ,2022-02-07 08:00,SCT,BKN,OVC,5200.00,6500.00,8000.00
YPMQ,2022-02-11 11:00,BKN,OVC,,2400.00,3600.00,
YPMQ,2022-02-11 15:00,SCT,BKN,BKN,3500.00,6400.00,9500.00
YPMQ,2022-02-11 16:00,SCT,SCT,BKN,2800.00,5400.00,7700.00
YPMQ,2022-02-14 13:00,BKN,OVC,,2700.00,3700.00,
YPMQ,2022-02-14 18:00,SCT,SCT,,3800.00,4500.00,
YPMQ,2022-02-14 19:00,BKN,OVC,,3500.00,4200.00,
YPMQ,2022-02-15 19:00,NCD,,,,,
YPMQ,2022-02-18 14:00,BKN,OVC,,1300.00,8000.00,
YPMQ,2022-02-22 03:00,SCT,BKN,OVC,4400.00,6100.00,7200.00
YPMQ,2022-02-22 05:00,SCT,SCT,BKN,2300.00,3200.00,4200.00
YPMQ,2022-02-22 06:00,SCT,BKN,BKN,2600.00,5100.00,7400.00
YPMQ,2022-02-22 07:00,BKN,BKN,BKN,1900.00,3700.00,6100.00
YPMQ,2022-02-22 09:00,SCT,BKN,BKN,1900.00,2500.00,4200.00
YPMQ,2022-02-22 10:00,BKN,BKN,BKN,2200.00,5000.00,6500.00
YPMQ,2022-02-22 11:00,SCT,BKN,OVC,1900.00,2800.00,4700.00
YPMQ,2022-02-22 18:00,SCT,BKN,BKN,2200.00,3200.00,4300.00
YPMQ,2022-02-22 22:00,SCT,BKN,OVC,1100.00,1800.00,2600.00
YPMQ,2022-02-22 23:00,SCT,BKN,OVC,1600.00,2200.00,3800.00
YPMQ,2022-02-23 07:00,SCT,BKN,OVC,1200.00,1600.00,3800.00
YPMQ,2022-02-23 12:00,SCT,BKN,OVC,2800.00,3800.00,5400.00
YPMQ,2022-02-23 13:00,SCT,BKN,BKN,600.00,1400.00,2700.00
YPMQ,2022-02-23 16:00,BKN,BKN,BKN,1600.00,2200.00,3100.00
YPMQ,2022-02-23 18:00,SCT,BKN,OVC,2300.00,6100.00,7600.00
YPMQ,2022-02-23 19:00,BKN,BKN,OVC,400.00,900.00,1300.00
YPMQ,2022-02-23 20:00,OVC,,,1300.00,,
YPMQ,2022-02-23 21:00,SCT,BKN,BKN,900.00,1600.00,2300.00
YPMQ,2022-02-23 22:00,BKN,BKN,OVC,1000.00,6500.00,7400.00
YPMQ,2022-02-23 23:00,SCT,SCT,BKN,800.00,2000.00,2700.00
YPMQ,2022-02-24 00:00,SCT,BKN,OVC,900.00,1400.00,2000.00
YPMQ,2022-02-24 03:00,SCT,BKN,BKN,1500.00,2500.00,4400.00
YPMQ,2022-02-24 04:00,BKN,BKN,OVC,700.00,1500.00,2200.00
YPMQ,2022-02-24 05:00,SCT,BKN,OVC,900.00,1300.00,1800.00
YPMQ,2022-02-24 10:00,SCT,SCT,OVC,1300.00,1900.00,2700.00
YPMQ,2022-02-27 00:00,BKN,OVC,OVC,1700.00,2300.00,2900.00
YPMQ,2022-02-27 01:00,BKN,BKN,OVC,1700.00,2600.00,3300.00
YPMQ,2022-02-27 02:00,OVC,,,1500.00,,
YPMQ,2022-02-27 03:00,SCT,OVC,,1400.00,1900.00,
YPMQ,2022-02-27 04:00,SCT,SCT,BKN,500.00,1400.00,2000.00
YPMQ,2022-02-27 05:00,BKN,BKN,BKN,1400.00,2300.00,3200.00
YPMQ,2022-02-27 07:00,SCT,BKN,BKN,1400.00,2300.00,3200.00
YPMQ,2022-02-27 17:00,SCT,SCT,SCT,600.00,1200.00,1800.00
YPMQ,2022-02-28 01:00,BKN,OVC,,1300.00,1700.00,
YPMQ,2022-02-28 04:00,BKN,BKN,OVC,1300.00,2100.00,3000.00
YPMQ,2022-02-28 08:00,BKN,BKN,BKN,1300.00,2000.00,2900.00
YPMQ,2022-02-28 10:00,BKN,OVC,,1100.00,1800.00,
YPMQ,2022-02-28 11:00,BKN,OVC,OVC,1400.00,1900.00,9100.00
YPMQ,2022-02-28 12:00,SCT,BKN,BKN,900.00,2100.00,3200.00
YPMQ,2022-02-28 13:00,SCT,BKN,BKN,700.00,4100.00,5300.00
YPMQ,2022-02-28 14:00,SCT,OVC,,3500.00,4500.00,
YPMQ,2022-02-28 15:00,BKN,OVC,OVC,600.00,1100.00,2000.00
YPMQ,2022-02-28 16:00,SCT,BKN,BKN,600.00,1100.00,1800.00
YPMQ,2022-02-28 17:00,BKN,BKN,BKN,600.00,1300.00,4800.00
YPMQ,2022-02-28 18:00,SCT,BKN,OVC,900.00,1400.00,2100.00
YPMQ,2022-02-28 19:00,BKN,OVC,,700.00,900.00,
YPMQ,2022-02-28 20:00,OVC,,,600.00,,
YPMQ,2022-02-28 21:00,BKN,OVC,,1300.00,2000.00,
YPMQ,2022-02-28 22:00,BKN,OVC,,1500.00,2400.00,
YPMQ,2022-02-28 23:00,BKN,OVC,,1500.00,2200.00,
YPMQ,2022-03-01 00:00,SCT,SCT,BKN,1300.00,2000.00,2500.00
YPMQ,2022-03-01 01:00,BKN,OVC,,1500.00,11500.00,
YPMQ,2022-03-01 05:00,BKN,BKN,OVC,600.00,1200.00,2000.00
YPMQ,2022-03-01 06:00,BKN,BKN,OVC,600.00,1100.00,1700.00
YPMQ,2022-03-01 07:00,BKN,BKN,OVC,900.00,1800.00,2300.00
YPMQ,2022-03-01 09:00,SCT,BKN,BKN,1200.00,1700.00,2500.00
YPMQ,2022-03-01 10:00,SCT,BKN,BKN,1200.00,1700.00,2800.00
YPMQ,2022-03-01 11:00,SCT,SCT,BKN,1300.00,2500.00,3800.00
YPMQ,2022-03-01 12:00,SCT,BKN,OVC,1000.00,1700.00,3600.00
YPMQ,2022-03-01 18:00,SCT,SCT,BKN,1800.00,3300.00,4400.00
YPMQ,2022-03-01 19:00,SCT,SCT,BKN,500.00,1200.00,2400.00
YPMQ,2022-03-01 21:00,SCT,BKN,BKN,1700.00,2400.00,3400.00
YPMQ,2022-03-01 23:00,SCT,SCT,BKN,500.00,3400.00,4100.00
YPMQ,2022-03-02 00:00,SCT,BKN,BKN,800.00,3400.00,4100.00
YPMQ,2022-03-02 01:00,SCT,BKN,BKN,900.00,1300.00,2100.00
YPMQ,2022-03-02 07:00,SCT,SCT,OVC,2100.00,3000.00,3800.00
YPMQ,2022-03-02 12:00,BKN,BKN,BKN,1500.00,2400.00,2800.00
YPMQ,2022-03-02 13:00,SCT,SCT,BKN,600.00,900.00,1500.00
YPMQ,2022-03-04 12:00,SCT,BKN,OVC,1800.00,2700.00,6600.00
YPMQ,2022-03-04 17:00,SCT,SCT,,200.00,700.00,
YPMQ,2022-03-04 18:00,SCT,BKN,,200.00,1500.00,
YPMQ,2022-03-05 17:00,SCT,,,300.00,,
YPMQ,2022-03-06 11:00,SCT,,,600.00,,
YPMQ,2022-03-06 15:00,BKN,BKN,OVC,1500.00,2100.00,2600.00
YPMQ,2022-03-06 16:00,BKN,OVC,,1300.00,1900.00,
YPMQ,2022-03-07 01:00,BKN,OVC,,1400.00,2100.00,
YPMQ,2022-03-07 03:00,SCT,BKN,BKN,800.00,1500.00,2100.00
YPMQ,2022-03-07 04:00,SCT,BKN,OVC,400.00,2500.00,3300.00
YPMQ,2022-03-07 08:00,BKN,,,1300.00,,
YPMQ,2022-03-07 09:00,OVC,,,1300.00,,
YPMQ,2022-03-07 16:00,OVC,,,200.00,,
YPMQ,2022-03-07 17:00,OVC,,,300.00,,
YPMQ,2022-03-07 20:00,BKN,,,100.00,,
YPMQ,2022-03-07 21:00,OVC,,,200.00,,
YPMQ,2022-03-07 22:00,OVC,,,300.00,,
YPMQ,2022-03-07 23:00,BKN,,,600.00,,
YPMQ,2022-03-08 08:00,SCT,BKN,BKN,3800.00,4800.00,5300.00
YPMQ,2022-03-11 18:00,SCT,SCT,SCT,2800.00,3600.00,4100.00
YPMQ,2022-03-14 05:00,SCT,SCT,BKN,1700.00,4500.00,6100.00
YPMQ,2022-03-14 16:00,SCT,BKN,BKN,1900.00,2600.00,3100.00
YPMQ,2022-03-15 11:00,SCT,SCT,BKN,2100.00,3500.00,3900.00
YPMQ,2022-03-15 12:00,SCT,SCT,SCT,800.00,1400.00,2100.00
YPMQ,2022-03-17 16:00,BKN,,,2900.00,,
YPMQ,2022-03-17 17:00,OVC,,,100.00,,
YPMQ,2022-03-17 18:00,SCT,,,100.00,,
YPMQ,2022-03-17 19:00,SCT,SCT,SCT,1500.00,2300.00,2700.00
YPMQ,2022-03-17 20:00,SCT,BKN,BKN,100.00,700.00,1400.00
YPMQ,2022-03-21 10:00,NCD,,,,,
YPMQ,2022-03-21 11:00,NCD,,,,,
YPMQ,2022-03-22 19:00,BKN,,,100.00,,
YPMQ,2022-03-22 20:00,OVC,,,100.00,,
YPMQ,2022-03-22 21:00,SCT,,,100.00,,
YPMQ,2022-03-23 10:00,SCT,SCT,SCT,1900.00,5900.00,7900.00
YPMQ,2022-03-23 11:00,SCT,BKN,BKN,600.00,1200.00,1600.00
YPMQ,2022-03-23 12:00,SCT,BKN,BKN,1300.00,2200.00,2600.00
YPMQ,2022-03-23 13:00,SCT,OVC,,2600.00,3400.00,
YPMQ,2022-03-23 15:00,SCT,SCT,BKN,600.00,1100.00,2000.00
YPMQ,2022-03-23 16:00,SCT,BKN,OVC,400.00,800.00,1300.00
YPMQ,2022-03-23 19:00,SCT,SCT,OVC,1200.00,1900.00,2300.00
YPMQ,2022-03-23 21:00,SCT,BKN,OVC,1400.00,2100.00,2900.00
YPMQ,2022-03-23 22:00,SCT,SCT,BKN,1400.00,2100.00,2500.00
YPMQ,2022-03-23 23:00,SCT,BKN,BKN,1500.00,2300.00,2700.00
YPMQ,2022-03-24 00:00,SCT,BKN,OVC,1700.00,2100.00,3400.00
YPMQ,2022-03-24 02:00,SCT,OVC,,1600.00,2200.00,
YPMQ,2022-03-24 04:00,BKN,BKN,OVC,1500.00,1900.00,2500.00
YPMQ,2022-03-24 07:00,SCT,SCT,OVC,600.00,1200.00,2700.00
YPMQ,2022-03-24 08:00,SCT,BKN,BKN,900.00,2500.00,8500.00
YPMQ,2022-03-24 09:00,BKN,OVC,,1500.00,12000.00,
YPMQ,2022-03-25 05:00,SCT,BKN,BKN,2500.00,4400.00,6400.00
YPMQ,2022-03-25 06:00,SCT,BKN,OVC,6400.00,8000.00,10000.00
YPMQ,2022-03-25 07:00,SCT,BKN,BKN,2300.00,3500.00,5200.00
YPMQ,2022-03-25 08:00,SCT,BKN,BKN,2000.00,3400.00,6400.00
YPMQ,2022-03-25 09:00,SCT,BKN,BKN,2100.00,4500.00,6800.00
YPMQ,2022-03-25 10:00,SCT,SCT,SCT,2000.00,5300.00,7900.00
YPMQ,2022-03-25 11:00,SCT,BKN,OVC,1000.00,2100.00,10500.00
YPMQ,2022-03-25 15:00,SCT,BKN,BKN,1200.00,2100.00,3100.00
YPMQ,2022-03-25 16:00,SCT,SCT,BKN,1300.00,3000.00,4800.00
YPMQ,2022-03-25 18:00,SCT,BKN,BKN,1300.00,1800.00,2600.00
YPMQ,2022-03-25 20:00,BKN,BKN,OVC,2100.00,4000.00,7400.00
YPMQ,2022-03-25 21:00,SCT,SCT,BKN,1400.00,3300.00,5200.00
YPMQ,2022-03-25 22:00,SCT,SCT,BKN,3100.00,5000.00,7200.00
YPMQ,2022-03-26 00:00,SCT,BKN,BKN,700.00,1900.00,2500.00
YPMQ,2022-03-26 01:00,SCT,SCT,BKN,600.00,1400.00,2700.00
YPMQ,2022-03-26 04:00,SCT,SCT,BKN,1300.00,2700.00,4200.00
YPMQ,2022-03-26 10:00,SCT,SCT,OVC,3100.00,4200.00,5300.00
YPMQ,2022-03-26 11:00,SCT,BKN,BKN,900.00,2300.00,2900.00
YPMQ,2022-03-26 19:00,SCT,SCT,BKN,3100.00,5500.00,10000.00
YPMQ,2022-03-26 20:00,SCT,BKN,OVC,1800.00,4000.00,11500.00
YPMQ,2022-03-26 23:00,SCT,BKN,OVC,400.00,1500.00,3100.00
YPMQ,2022-03-27 00:00,OVC,,,500.00,,
YPMQ,2022-03-27 01:00,SCT,BKN,BKN,600.00,1900.00,2600.00
YPMQ,2022-03-27 02:00,SCT,BKN,BKN,900.00,1500.00,2400.00
YPMQ,2022-03-27 03:00,SCT,BKN,OVC,800.00,1100.00,1900.00
YPMQ,2022-03-27 04:00,OVC,,,800.00,,
YPMQ,2022-03-27 05:00,OVC,,,800.00,,
YPMQ,2022-03-27 10:00,SCT,SCT,SCT,1700.00,2500.00,3500.00
YPMQ,2022-03-27 11:00,BKN,BKN,OVC,1800.00,3200.00,4600.00
YPMQ,2022-03-27 18:00,SCT,BKN,,500.00,12500.00,
YPMQ,2022-03-27 19:00,BKN,OVC,,200.00,12500.00,
YPMQ,2022-03-27 20:00,SCT,BKN,BKN,200.00,1300.00,7000.00
YPMQ,2022-03-27 21:00,OVC,,,100.00,,
YPMQ,2022-03-27 22:00,BKN,,,200.00,,
YPMQ,2022-03-28 00:00,SCT,OVC,,400.00,1600.00,
YPMQ,2022-03-28 01:00,BKN,BKN,OVC,800.00,3200.00,4200.00
YPMQ,2022-03-28 02:00,SCT,BKN,,1000.00,2000.00,
YPMQ,2022-03-28 15:00,SCT,BKN,BKN,1800.00,2300.00,3200.00
YPMQ,2022-03-28 16:00,SCT,BKN,BKN,1300.00,2900.00,4300.00
YPMQ,2022-03-28 19:00,SCT,BKN,BKN,1400.00,2400.00,3100.00
YPMQ,2022-03-28 20:00,SCT,BKN,BKN,400.00,2100.00,3400.00
YPMQ,2022-03-28 21:00,SCT,BKN,OVC,1300.00,1900.00,2500.00
YPMQ,2022-03-29 05:00,SCT,SCT,BKN,2300.00,5000.00,7300.00
YPMQ,2022-03-29 08:00,SCT,SCT,OVC,2800.00,4800.00,11500.00
YPMQ,2022-03-29 10:00,SCT,BKN,OVC,1000.00,2100.00,6700.00
YPMQ,2022-03-29 13:00,SCT,SCT,BKN,600.00,1100.00,2100.00
YPMQ,2022-03-29 14:00,SCT,SCT,BKN,800.00,1600.00,3500.00
YPMQ,2022-03-29 15:00,BKN,BKN,BKN,900.00,1300.00,1900.00
YPMQ,2022-03-29 16:00,SCT,SCT,BKN,1100.00,1600.00,2200.00
YPMQ,2022-03-29 17:00,SCT,BKN,BKN,900.00,1500.00,2300.00
YPMQ,2022-03-29 18:00,SCT,BKN,BKN,1400.00,2600.00,3300.00
YPMQ,2022-03-29 19:00,SCT,BKN,BKN,1100.00,2100.00,3700.00
YPMQ,2022-03-29 20:00,BKN,BKN,BKN,600.00,1000.00,1600.00
YPMQ,2022-03-29 22:00,SCT,BKN,BKN,700.00,1100.00,1700.00
YPMQ,2022-03-29 23:00,BKN,BKN,OVC,700.00,1300.00,1900.00
YPMQ,2022-03-30 00:00,BKN,OVC,,900.00,3900.00,
YPMQ,2022-03-30 01:00,BKN,OVC,,700.00,1300.00,
YPMQ,2022-03-30 02:00,OVC,OVC,,700.00,1200.00,
YPMQ,2022-03-30 03:00,SCT,BKN,BKN,700.00,1600.00,3500.00
YPMQ,2022-03-30 04:00,BKN,OVC,,700.00,1300.00,
YPMQ,2022-03-30 05:00,BKN,BKN,OVC,700.00,3200.00,4900.00
YPMQ,2022-03-30 06:00,BKN,BKN,OVC,800.00,1500.00,2000.00
YPMQ,2022-03-30 07:00,SCT,BKN,OVC,800.00,1500.00,2800.00
YPMQ,2022-03-30 08:00,BKN,BKN,OVC,1000.00,2200.00,3100.00
YPMQ,2022-03-30 09:00,OVC,OVC,,800.00,1200.00,
YPMQ,2022-03-30 10:00,SCT,BKN,BKN,1300.00,2400.00,5300.00
YPMQ,2022-03-30 11:00,SCT,BKN,OVC,600.00,1800.00,2400.00
YPMQ,2022-03-30 12:00,BKN,OVC,,1100.00,1900.00,
YPMQ,2022-03-30 15:00,SCT,OVC,OVC,1200.00,2100.00,3100.00
YPMQ,2022-03-30 17:00,SCT,OVC,OVC,900.00,1600.00,2100.00
YPMQ,2022-03-30 18:00,BKN,OVC,OVC,1000.00,1500.00,2600.00
YPMQ,2022-03-31 01:00,SCT,BKN,BKN,1900.00,2500.00,3500.00
YPMQ,2022-03-31 05:00,SCT,BKN,OVC,1100.00,1900.00,3500.00
YPMQ,2022-03-31 06:00,SCT,SCT,BKN,2200.00,3200.00,5100.00
YPMQ,2022-03-31 07:00,SCT,BKN,OVC,1500.00,3100.00,6100.00
YPMQ,2022-04-04 12:00,,,,,,
YPMQ,2022-04-05 16:00,NCD,,,,,
YPMQ,2022-04-05 17:00,SCT,,,7200.00,,
YPMQ,2022-04-05 19:00,BKN,,,10500.00,,
YPMQ,2022-04-06 13:00,SCT,SCT,BKN,1500.00,3100.00,4000.00
YPMQ,2022-04-06 20:00,SCT,BKN,OVC,3200.00,4900.00,5800.00
YPMQ,2022-04-06 21:00,SCT,BKN,OVC,2600.00,3600.00,4500.00
YPMQ,2022-04-07 06:00,SCT,SCT,BKN,1000.00,1700.00,2200.00
YPMQ,2022-04-07 15:00,SCT,BKN,BKN,3300.00,4800.00,5900.00
YPMQ,2022-04-08 15:00,SCT,BKN,BKN,2800.00,3400.00,4700.00
YPMQ,2022-04-08 21:00,SCT,BKN,BKN,2100.00,2900.00,4400.00
YPMQ,2022-04-11 12:00,NCD,,,,,
YPMQ,2022-04-11 19:00,SCT,BKN,BKN,1500.00,2800.00,3600.00
YPMQ,2022-04-12 07:00,SCT,BKN,BKN,1900.00,2600.00,4300.00
YPMQ,2022-04-12 16:00,SCT,SCT,,300.00,5200.00,
YPMQ,2022-04-12 18:00,SCT,SCT,OVC,3600.00,4200.00,5000.00
YPMQ,2022-04-12 19:00,SCT,OVC,,4400.00,5300.00,
YPMQ,2022-04-13 00:00,SCT,SCT,BKN,600.00,1100.00,2000.00
YPMQ,2022-04-13 03:00,SCT,SCT,BKN,700.00,4100.00,4700.00
YPMQ,2022-04-13 04:00,SCT,OVC,,900.00,8200.00,
YPMQ,2022-04-13 05:00,BKN,BKN,OVC,800.00,7400.00,9500.00
YPMQ,2022-04-14 06:00,SCT,SCT,BKN,1300.00,3700.00,4700.00
YPMQ,2022-04-17 16:00,,,,,,
YPMQ,2022-04-17 17:00,NCD,,,,,
YPMQ,2022-04-18 14:00,NCD,,,,,
YPMQ,2022-04-18 15:00,NCD,,,,,
YPMQ,2022-04-18 17:00,NCD,,,,,
YPMQ,2022-04-18 20:00,BKN,,,100.00,,
YPMQ,2022-04-21 15:00,SCT,SCT,BKN,2600.00,5400.00,6300.00
YPMQ,2022-04-21 18:00,BKN,OVC,,900.00,3500.00,
YPMQ,2022-04-21 21:00,SCT,BKN,BKN,1500.00,1900.00,3200.00
YPMQ,2022-04-21 22:00,SCT,BKN,OVC,1500.00,5900.00,7400.00
YPMQ,2022-04-22 00:00,BKN,BKN,OVC,600.00,4600.00,6900.00
YPMQ,2022-04-22 01:00,SCT,SCT,BKN,400.00,800.00,1200.00
YPMQ,2022-04-22 03:00,SCT,BKN,OVC,2600.00,2900.00,3500.00
YPMQ,2022-04-22 20:00,SCT,BKN,BKN,1600.00,2800.00,3900.00
YPMQ,2022-04-22 21:00,SCT,BKN,BKN,900.00,2200.00,3100.00
YPMQ,2022-04-22 22:00,SCT,SCT,SCT,1300.00,2100.00,3000.00
YPMQ,2022-04-23 09:00,BKN,BKN,OVC,3600.00,5100.00,6100.00
YPMQ,2022-04-23 16:00,SCT,,,6800.00,,
YPMQ,2022-04-23 17:00,SCT,SCT,BKN,2300.00,3400.00,4200.00
YPMQ,2022-04-24 00:00,SCT,SCT,BKN,3400.00,4400.00,5000.00
YPMQ,2022-04-25 09:00,SCT,BKN,BKN,2400.00,2900.00,3800.00
YPMQ,2022-04-25 12:00,SCT,BKN,OVC,2900.00,4000.00,5700.00
YPMQ,2022-04-25 21:00,SCT,BKN,BKN,2100.00,2600.00,3300.00
YPMQ,2022-04-27 18:00,SCT,,,4900.00,,
YPMQ,2022-05-01 01:00,SCT,SCT,BKN,2800.00,3300.00,4100.00
YPMQ,2022-05-01 16:00,NCD,,,,,
YPMQ,2022-05-01 17:00,NCD,,,,,
YPMQ,2022-05-03 11:00,,,,,,
YPMQ,2022-05-03 12:00,NCD,,,,,
YPMQ,2022-05-03 13:00,NCD,,,,,
YPMQ,2022-05-03 14:00,NCD,,,,,
YPMQ,2022-05-03 17:00,NCD,,,,,
YPMQ,2022-05-09 15:00,BKN,BKN,OVC,3400.00,4300.00,5100.00
YPMQ,2022-05-10 05:00,SCT,SCT,BKN,3400.00,5300.00,6100.00
YPMQ,2022-05-10 07:00,BKN,BKN,OVC,3200.00,4200.00,5100.00
YPMQ,2022-05-11 11:00,BKN,BKN,BKN,3200.00,4200.00,5500.00
YPMQ,2022-05-12 00:00,SCT,BKN,OVC,1300.00,2200.00,3000.00
YPMQ,2022-05-12 01:00,SCT,SCT,BKN,1700.00,2600.00,3700.00
YPMQ,2022-05-12 04:00,SCT,BKN,BKN,1100.00,2300.00,3300.00
YPMQ,2022-05-12 07:00,SCT,BKN,BKN,2100.00,3100.00,3900.00
YPMQ,2022-05-12 09:00,SCT,OVC,,1000.00,1600.00,
YPMQ,2022-05-12 10:00,SCT,BKN,OVC,1600.00,2600.00,4300.00
YPMQ,2022-05-12 19:00,SCT,BKN,BKN,2200.00,2600.00,3200.00
YPMQ,2022-05-12 20:00,BKN,OVC,,1700.00,4300.00,
YPMQ,2022-05-12 21:00,SCT,BKN,OVC,1100.00,1900.00,3000.00
YPMQ,2022-05-12 22:00,SCT,BKN,BKN,800.00,1400.00,2100.00
YPMQ,2022-05-13 00:00,SCT,SCT,BKN,1700.00,2900.00,3600.00
YPMQ,2022-05-13 02:00,SCT,SCT,BKN,1400.00,2000.00,2700.00
YPMQ,2022-05-13 03:00,BKN,BKN,BKN,800.00,3200.00,5700.00
YPMQ,2022-05-13 04:00,BKN,BKN,OVC,1400.00,2700.00,3600.00
YPMQ,2022-05-13 14:00,SCT,SCT,BKN,1200.00,1900.00,2400.00
YPMQ,2022-05-13 15:00,SCT,BKN,BKN,800.00,1600.00,2500.00
YPMQ,2022-05-13 17:00,SCT,BKN,BKN,900.00,2000.00,2800.00
YPMQ,2022-05-13 18:00,BKN,BKN,BKN,2000.00,2400.00,3600.00
YPMQ,2022-05-16 17:00,,,,,,
YPMQ,2022-05-16 18:00,,,,,,
YPMQ,2022-05-16 19:00,SCT,,,100.00,,
YPMQ,2022-05-16 20:00,SCT,,,100.00,,
YPMQ,2022-05-18 18:00,NCD,,,,,
YPMQ,2022-05-20 01:00,SCT,BKN,BKN,1600.00,3500.00,4300.00
YPMQ,2022-05-20 08:00,SCT,BKN,BKN,2000.00,2600.00,3600.00
YPMQ,2022-05-20 09:00,BKN,BKN,BKN,2400.00,5000.00,6200.00
YPMQ,2022-05-20 10:00,SCT,BKN,BKN,2400.00,3500.00,5400.00
YPMQ,2022-05-20 13:00,SCT,SCT,BKN,1600.00,2500.00,3300.00
YPMQ,2022-05-20 15:00,SCT,BKN,BKN,4700.00,5700.00,7000.00
YPMQ,2022-05-21 16:00,BKN,BKN,BKN,2400.00,3500.00,5000.00
YPMQ,2022-05-21 18:00,SCT,BKN,OVC,2100.00,3300.00,4100.00
YPMQ,2022-05-21 19:00,SCT,OVC,,1000.00,8500.00,
YPMQ,2022-05-21 21:00,BKN,BKN,OVC,600.00,1200.00,3700.00
YPMQ,2022-05-21 23:00,SCT,BKN,OVC,400.00,1600.00,2300.00
YPMQ,2022-05-22 00:00,SCT,SCT,SCT,1800.00,3500.00,5400.00
YPMQ,2022-05-22 01:00,SCT,SCT,OVC,4900.00,6800.00,8600.00
YPMQ,2022-05-22 02:00,SCT,BKN,OVC,1400.00,2800.00,6700.00
YPMQ,2022-05-22 05:00,SCT,SCT,OVC,1200.00,2300.00,2800.00
YPMQ,2022-05-22 06:00,BKN,OVC,,7600.00,8600.00,
YPMQ,2022-05-22 12:00,SCT,SCT,BKN,3600.00,5300.00,6500.00
YPMQ,2022-05-22 13:00,SCT,OVC,,5700.00,6900.00,
YPMQ,2022-05-22 15:00,BKN,OVC,,6700.00,7900.00,
YPMQ,2022-05-23 09:00,SCT,BKN,OVC,1300.00,2000.00,2800.00
YPMQ,2022-05-23 11:00,SCT,BKN,OVC,4700.00,6300.00,7300.00
YPMQ,2022-05-24 01:00,SCT,SCT,BKN,3100.00,4800.00,6000.00
YPMQ,2022-05-24 09:00,SCT,SCT,BKN,2100.00,3400.00,5000.00
YPMQ,2022-05-26 01:00,SCT,BKN,BKN,2000.00,3300.00,5000.00
YPMQ,2022-05-26 11:00,NCD,,,,,
YPMQ,2022-05-26 12:00,SCT,SCT,SCT,2500.00,4300.00,6100.00
YPMQ,2022-05-27 11:00,,,,,,
YPMQ,2022-05-30 10:00,SCT,SCT,BKN,5400.00,7500.00,8600.00
YPMQ,2022-05-30 14:00,NCD,,,,,
YPMQ,2022-05-30 16:00,NCD,,,,,
YPMQ,2022-05-30 17:00,NCD,,,,,
YPMQ,2022-06-03 21:00,,,,,,
YPMQ,2022-06-13 10:00,SCT,,,1100.00,,
YPMQ,2022-06-14 14:00,NCD,,,,,
YPMQ,2022-06-15 11:00,NCD,,,,,
YPMQ,2022-06-15 20:00,NCD,,,,,
YPMQ,2022-06-19 08:00,SCT,SCT,BKN,3900.00,5200.00,6700.00
YPMQ,2022-06-19 19:00,SCT,BKN,OVC,4500.00,5100.00,6700.00
YPMQ,2022-06-19 20:00,BKN,BKN,OVC,3200.00,4100.00,4900.00
YPMQ,2022-06-25 03:00,NCD,,,,,
YPMQ,2022-06-26 11:00,NCD,,,,,
YPMQ,2022-06-28 17:00,BKN,OVC,,3400.00,4400.00,
YPMQ,2022-07-02 06:00,OVC,,,1500.00,,
YPMQ,2022-07-02 07:00,BKN,OVC,,1400.00,2300.00,
YPMQ,2022-07-02 09:00,OVC,,,1500.00,,
YPMQ,2022-07-02 10:00,OVC,OVC,,1200.00,1700.00,
YPMQ,2022-07-02 11:00,OVC,,,1500.00,,
YPMQ,2022-07-02 12:00,BKN,OVC,,1500.00,7700.00,
YPMQ,2022-07-02 14:00,OVC,,,1500.00,,
YPMQ,2022-07-03 10:00,NCD,,,,,
YPMQ,2022-07-03 11:00,,,,,,
YPMQ,2022-07-03 12:00,SCT,,,100.00,,
YPMQ,2022-07-03 14:00,,,,,,
YPMQ,2022-07-03 15:00,SCT,,,100.00,,
YPMQ,2022-07-03 17:00,OVC,,,100.00,,
YPMQ,2022-07-03 18:00,SCT,,,100.00,,
YPMQ,2022-07-04 16:00,NCD,,,,,
YPMQ,2022-07-04 23:00,BKN,BKN,OVC,3200.00,4500.00,5400.00
YPMQ,2022-07-05 02:00,BKN,OVC,,4500.00,5200.00,
YPMQ,2022-07-05 07:00,SCT,BKN,BKN,900.00,1300.00,1700.00
YPMQ,2022-07-05 08:00,BKN,BKN,OVC,900.00,1300.00,3600.00
YPMQ,2022-07-05 09:00,SCT,BKN,BKN,1300.00,1900.00,2700.00
YPMQ,2022-07-05 10:00,SCT,BKN,BKN,2000.00,3500.00,4100.00
YPMQ,2022-07-05 11:00,SCT,SCT,BKN,1900.00,4500.00,5700.00
YPMQ,2022-07-05 12:00,SCT,BKN,BKN,1000.00,5700.00,6600.00
YPMQ,2022-07-05 13:00,BKN,BKN,BKN,900.00,1300.00,2000.00
YPMQ,2022-07-05 14:00,SCT,SCT,BKN,700.00,1500.00,2600.00
YPMQ,2022-07-05 15:00,BKN,OVC,,600.00,1200.00,
YPMQ,2022-07-05 16:00,SCT,BKN,BKN,700.00,1300.00,2000.00
YPMQ,2022-07-05 17:00,BKN,BKN,OVC,1000.00,1600.00,5200.00
YPMQ,2022-07-05 18:00,SCT,SCT,BKN,700.00,1400.00,2400.00
YPMQ,2022-07-05 19:00,BKN,BKN,OVC,600.00,1200.00,2000.00
YPMQ,2022-07-05 20:00,SCT,BKN,BKN,800.00,1600.00,2700.00
YPMQ,2022-07-05 21:00,BKN,BKN,BKN,800.00,1100.00,2000.00
YPMQ,2022-07-05 22:00,BKN,OVC,OVC,1200.00,2200.00,5300.00
YPMQ,2022-07-05 23:00,SCT,BKN,BKN,500.00,1200.00,1900.00
YPMQ,2022-07-06 00:00,SCT,BKN,BKN,900.00,1700.00,2900.00
YPMQ,2022-07-06 01:00,BKN,BKN,BKN,1300.00,2400.00,4100.00
YPMQ,2022-07-06 02:00,BKN,BKN,BKN,1100.00,3300.00,5200.00
YPMQ,2022-07-06 03:00,SCT,BKN,BKN,1500.00,2200.00,3200.00
YPMQ,2022-07-06 04:00,SCT,BKN,BKN,900.00,1800.00,2500.00
YPMQ,2022-07-06 05:00,SCT,SCT,BKN,1000.00,1800.00,4100.00
YPMQ,2022-07-06 06:00,SCT,BKN,BKN,1000.00,1700.00,2800.00
YPMQ,2022-07-06 07:00,SCT,BKN,BKN,1300.00,3900.00,7100.00
YPMQ,2022-07-06 08:00,BKN,BKN,OVC,800.00,1000.00,1600.00
YPMQ,2022-07-06 09:00,SCT,BKN,BKN,1000.00,2500.00,6200.00
YPMQ,2022-07-06 10:00,BKN,OVC,,1000.00,2800.00,
YPMQ,2022-07-06 11:00,SCT,OVC,,800.00,1500.00,
YPMQ,2022-07-06 13:00,BKN,OVC,,1000.00,1500.00,
YPMQ,2022-07-06 14:00,SCT,BKN,BKN,600.00,1200.00,1600.00
YPMQ,2022-07-06 15:00,SCT,BKN,OVC,1000.00,1300.00,1900.00
YPMQ,2022-07-06 16:00,BKN,OVC,,800.00,1400.00,
YPMQ,2022-07-06 17:00,BKN,BKN,OVC,800.00,2300.00,3800.00
YPMQ,2022-07-06 18:00,SCT,BKN,OVC,800.00,1100.00,2000.00
YPMQ,2022-07-06 19:00,BKN,BKN,OVC,600.00,1000.00,1900.00
YPMQ,2022-07-06 20:00,SCT,BKN,OVC,800.00,1200.00,2200.00
YPMQ,2022-07-06 21:00,SCT,BKN,OVC,700.00,1300.00,1900.00
YPMQ,2022-07-07 15:00,NCD,,,,,
YPMQ,2022-07-07 17:00,NCD,,,,,
YPMQ,2022-07-07 18:00,NCD,,,,,
YPMQ,2022-07-07 19:00,NCD,,,,,
YPMQ,2022-07-10 09:00,SCT,BKN,BKN,1900.00,3100.00,4300.00
YPMQ,2022-07-10 10:00,SCT,SCT,BKN,2400.00,4000.00,4900.00
YPMQ,2022-07-10 11:00,SCT,BKN,BKN,1700.00,2600.00,3500.00
YPMQ,2022-07-10 12:00,SCT,BKN,OVC,600.00,1400.00,2400.00
YPMQ,2022-07-10 13:00,BKN,BKN,BKN,700.00,1200.00,2100.00
YPMQ,2022-07-10 14:00,SCT,BKN,BKN,700.00,1000.00,1600.00
YPMQ,2022-07-10 15:00,SCT,BKN,BKN,1300.00,2000.00,4100.00
YPMQ,2022-07-10 16:00,SCT,BKN,OVC,1400.00,2000.00,2700.00
YPMQ,2022-07-10 19:00,SCT,BKN,OVC,1600.00,3200.00,4300.00
YPMQ,2022-07-13 12:00,SCT,SCT,BKN,5000.00,5800.00,7000.00
YPMQ,2022-07-13 17:00,OVC,,,5800.00,,
YPMQ,2022-07-20 19:00,BKN,BKN,BKN,1200.00,2600.00,4300.00
YPMQ,2022-07-20 21:00,SCT,SCT,BKN,900.00,2300.00,4000.00
YPMQ,2022-07-20 22:00,SCT,SCT,BKN,1600.00,2400.00,3200.00
YPMQ,2022-07-20 23:00,SCT,SCT,BKN,1200.00,2200.00,3500.00
YPMQ,2022-07-21 11:00,SCT,SCT,BKN,3300.00,4500.00,6100.00
YPMQ,2022-07-21 16:00,SCT,BKN,BKN,2600.00,4000.00,4600.00
YPMQ,2022-07-21 17:00,SCT,BKN,OVC,1600.00,4000.00,4600.00
YPMQ,2022-07-21 18:00,SCT,SCT,BKN,2800.00,4000.00,4600.00
YPMQ,2022-07-22 00:00,SCT,SCT,BKN,2200.00,2900.00,3700.00
YPMQ,2022-07-22 01:00,SCT,SCT,BKN,1800.00,4700.00,5300.00
YPMQ,2022-07-22 03:00,SCT,SCT,SCT,2100.00,3900.00,5000.00
YPMQ,2022-07-22 06:00,SCT,SCT,BKN,1700.00,2900.00,4600.00
YPMQ,2022-07-22 08:00,SCT,SCT,BKN,1800.00,3000.00,3900.00
YPMQ,2022-07-22 10:00,SCT,SCT,BKN,1600.00,3500.00,4300.00
YPMQ,2022-07-22 11:00,SCT,BKN,BKN,1600.00,3400.00,4200.00
YPMQ,2022-07-23 01:15,SCT,SCT,BKN,1800.00,2600.00,3200.00
YPMQ,2022-07-23 09:30,BKN,BKN,OVC,1800.00,2700.00,3800.00
YPMQ,2022-07-23 10:07,SCT,BKN,OVC,2900.00,3700.00,4800.00
YPMQ,2022-07-24 11:35,NCD,,,,,
YPMQ,2022-07-25 15:19,NCD,,,,,
YPMQ,2022-07-26 10:09,SCT,BKN,,7100.00,8300.00,
YPMQ,2022-07-27 04:54,NCD,,,,,
YPMQ,2022-07-27 05:00,NCD,,,,,
YPMQ,2022-08-01 03:59,SCT,BKN,OVC,1400.00,9800.00,11000.00
YPMQ,2022-08-01 08:00,,,,,,
YPMQ,2022-08-01 09:00,SCT,,,200.00,,
YPMQ,2022-08-01 10:00,,,,,,
YPMQ,2022-08-01 11:00,NCD,,,,,
YPMQ,2022-08-01 12:00,NCD,,,,,
YPMQ,2022-08-01 13:00,NCD,,,,,
YPMQ,2022-08-01 14:00,NCD,,,,,
YPMQ,2022-08-02 11:30,NCD,,,,,
YPMQ,2022-08-02 12:00,NCD,,,,,
YPMQ,2022-08-02 14:30,,,,,,
YPMQ,2022-08-02 16:34,NCD,,,,,
YPMQ,2022-08-03 13:00,NCD,,,,,
YPMQ,2022-08-03 14:00,NCD,,,,,
YPMQ,2022-08-03 15:00,SCT,,,300.00,,
YPMQ,2022-08-03 16:00,BKN,,,100.00,,
YPMQ,2022-08-03 17:00,SCT,,,200.00,,
YPMQ,2022-08-03 18:00,SCT,,,100.00,,
YPMQ,2022-08-04 16:00,SCT,OVC,,5900.00,9500.00,
YPMQ,2022-08-04 17:00,OVC,,,11000.00,,
YPMQ,2022-08-09 05:30,SCT,SCT,OVC,2600.00,4100.00,5600.00
YPMQ,2022-08-10 06:34,SCT,BKN,OVC,3600.00,4400.00,5100.00
YPMQ,2022-08-10 11:52,SCT,,,2200.00,,
YPMQ,2022-08-10 12:00,SCT,,,2200.00,,
YPMQ,2022-08-12 14:35,OVC,OVC,,9000.00,11500.00,
YPMQ,2022-08-12 16:30,BKN,OVC,,9800.00,11500.00,
YPMQ,2022-08-12 17:30,OVC,,,8800.00,,
YPMQ,2022-08-12 20:31,OVC,,,8000.00,,
YPMQ,2022-08-13 09:53,NCD,,,,,
YPMQ,2022-08-13 10:00,NCD,,,,,
YPMQ,2022-08-13 11:00,OVC,,,300.00,,
YPMQ,2022-08-16 07:57,SCT,BKN,BKN,4000.00,4800.00,9100.00
YPMQ,2022-08-16 08:00,SCT,BKN,BKN,3800.00,4800.00,9100.00
YPMQ,2022-08-18 14:54,NCD,,,,,
YPMQ,2022-08-18 16:52,NCD,,,,,
YPMQ,2022-08-18 17:00,,,,,,
YPMQ,2022-08-18 18:00,NCD,,,,,
YPMQ,2022-08-18 19:55,NCD,,,,,
YPMQ,2022-08-18 20:00,NCD,,,,,
YPMQ,2022-08-21 10:53,NCD,,,,,
YPMQ,2022-08-21 11:00,NCD,,,,,
YPMQ,2022-08-21 12:58,NCD,,,,,
YPMQ,2022-08-21 13:00,NCD,,,,,
YPMQ,2022-08-21 14:00,,,,,,
YPMQ,2022-08-21 15:57,NCD,,,,,
YPMQ,2022-08-21 16:32,NCD,,,,,
YPMQ,2022-08-22 21:30,NCD,,,,,
YPMQ,2022-08-23 10:50,BKN,,,12000.00,,
YPMQ,2022-08-23 15:32,SCT,OVC,,4400.00,5400.00,
YPMQ,2022-08-23 17:30,SCT,SCT,BKN,4500.00,6200.00,7500.00
YPMQ,2022-08-23 18:00,SCT,SCT,BKN,4100.00,6100.00,7500.00
YPMQ,2022-08-23 19:00,SCT,SCT,,9200.00,11000.00,
YPMQ,2022-08-23 20:00,SCT,,,10000.00,,
YPMQ,2022-08-23 21:30,SCT,,,4400.00,,
YPMQ,2022-08-23 22:30,NCD,,,,,
YPMQ,2022-08-23 23:00,NCD,,,,,
YPMQ,2022-08-24 00:30,NCD,,,,,
YPMQ,2022-08-24 01:02,NCD,,,,,
YPMQ,2022-08-26 18:00,NCD,,,,,
YPMQ,2022-08-26 19:54,NCD,,,,,
YPMQ,2022-08-26 20:00,NCD,,,,,
YPMQ,2022-08-27 11:57,SCT,,,2600.00,,
YPMQ,2022-08-27 12:30,NCD,,,,,
YPMQ,2022-08-27 13:00,SCT,SCT,,2700.00,3300.00,
YPMQ,2022-08-27 15:58,NCD,,,,,
YPMQ,2022-08-27 16:00,NCD,,,,,
YPMQ,2022-08-27 18:35,SCT,,,9600.00,,
YPMQ,2022-08-28 11:30,BKN,BKN,OVC,1500.00,2500.00,9300.00
YPMQ,2022-08-28 12:30,SCT,BKN,,1700.00,2300.00,
YPMQ,2022-08-28 13:00,BKN,BKN,BKN,1700.00,2300.00,2800.00
YPMQ,2022-08-28 14:30,BKN,BKN,OVC,1900.00,2600.00,3200.00
YPMQ,2022-08-28 15:30,SCT,SCT,,300.00,8100.00,
YPMQ,2022-08-28 16:00,SCT,BKN,OVC,1600.00,2200.00,8100.00
YPMQ,2022-08-28 17:00,SCT,OVC,,1600.00,5600.00,
YPMQ,2022-08-28 18:00,BKN,OVC,,100.00,7100.00,
YPMQ,2022-08-28 19:00,OVC,,,100.00,,
YPMQ,2022-08-28 20:00,OVC,,,100.00,,
YPMQ,2022-08-28 21:00,OVC,,,100.00,,
YPMQ,2022-08-28 22:00,OVC,,,100.00,,
YPMQ,2022-08-28 23:00,OVC,OVC,,200.00,6700.00,
YPMQ,2022-08-29 00:30,BKN,OVC,OVC,1400.00,2100.00,6400.00
YPMQ,2022-08-30 12:35,OVC,,,5200.00,,
YPMQ,2022-08-30 13:00,SCT,SCT,OVC,1400.00,3100.00,5200.00
YPMQ,2022-08-30 16:00,SCT,BKN,,8300.00,11000.00,
YPMQ,2022-08-30 17:00,,,,,,
YPMQ,2022-08-30 18:00,,,,,,
YPMQ,2022-08-30 19:00,SCT,,,200.00,,
YPMQ,2022-08-30 20:00,,,,,,
YPMQ,2022-08-31 12:50,NCD,,,,,
YPMQ,2022-08-31 13:00,NCD,,,,,
YPMQ,2022-08-31 14:58,NCD,,,,,
YPMQ,2022-08-31 15:00,NCD,,,,,
YPMQ,2022-09-01 13:56,SCT,,,2400.00,,
YPMQ,2022-09-01 14:00,SCT,,,2400.00,,
YPMQ,2022-09-01 15:00,SCT,OVC,,400.00,3000.00,
YPMQ,2022-09-02 17:34,BKN,OVC,,1500.00,2000.00,
YPMQ,2022-09-02 18:00,BKN,OVC,OVC,1500.00,1900.00,2200.00
YPMQ,2022-09-02 19:00,BKN,OVC,,600.00,900.00,
YPMQ,2022-09-02 20:00,BKN,BKN,BKN,1500.00,2400.00,3400.00
YPMQ,2022-09-02 21:00,SCT,BKN,BKN,1500.00,2600.00,3700.00
YPMQ,2022-09-02 22:00,SCT,BKN,BKN,1200.00,1600.00,2400.00
YPMQ,2022-09-02 23:54,SCT,SCT,BKN,1600.00,2100.00,2900.00
YPMQ,2022-09-03 00:00,SCT,BKN,BKN,1600.00,2100.00,2900.00
YPMQ,2022-09-03 01:00,SCT,BKN,OVC,1000.00,1500.00,4100.00
YPMQ,2022-09-03 02:00,SCT,SCT,BKN,1400.00,1800.00,2500.00
YPMQ,2022-09-03 03:00,SCT,BKN,OVC,900.00,1800.00,2200.00
YPMQ,2022-09-03 04:00,SCT,BKN,OVC,1300.00,1800.00,2800.00
YPMQ,2022-09-03 05:00,BKN,BKN,BKN,1300.00,1900.00,2400.00
YPMQ,2022-09-03 06:00,BKN,OVC,,1200.00,1800.00,
YPMQ,2022-09-03 07:00,BKN,OVC,OVC,1600.00,2000.00,2500.00
YPMQ,2022-09-03 08:35,BKN,BKN,OVC,1400.00,2000.00,4400.00
YPMQ,2022-09-03 09:00,BKN,BKN,OVC,1000.00,1300.00,4800.00
YPMQ,2022-09-03 10:00,SCT,BKN,OVC,1200.00,1600.00,4800.00
YPMQ,2022-09-03 11:00,SCT,SCT,BKN,2000.00,2500.00,4000.00
YPMQ,2022-09-03 12:31,SCT,SCT,BKN,2700.00,3700.00,4600.00
YPMQ,2022-09-03 15:00,SCT,SCT,BKN,3900.00,5500.00,8200.00
YPMQ,2022-09-03 16:30,SCT,OVC,,3900.00,4800.00,
YPMQ,2022-09-03 17:00,BKN,OVC,,3500.00,4200.00,
YPMQ,2022-09-03 18:00,SCT,OVC,,4000.00,5100.00,
YPMQ,2022-09-03 19:03,OVC,,,5700.00,,
YPMQ,2022-09-03 20:00,SCT,OVC,,3700.00,6800.00,
YPMQ,2022-09-03 22:54,SCT,SCT,BKN,2000.00,2900.00,4200.00
YPMQ,2022-09-03 23:57,SCT,BKN,BKN,2200.00,3000.00,4000.00
YPMQ,2022-09-04 01:00,SCT,,,3100.00,,
YPMQ,2022-09-04 02:00,SCT,SCT,,3100.00,3700.00,
YPMQ,2022-09-04 03:00,SCT,,,5400.00,,
YPMQ,2022-09-04 04:00,SCT,BKN,OVC,4400.00,5700.00,7200.00
YPMQ,2022-09-04 05:00,SCT,SCT,SCT,3900.00,4400.00,6800.00
YPMQ,2022-09-04 11:30,SCT,SCT,BKN,2300.00,3300.00,4400.00
YPMQ,2022-09-05 05:28,SCT,BKN,BKN,3000.00,4000.00,4700.00
YPMQ,2022-09-07 16:50,NCD,,,,,
YPMQ,2022-09-07 17:00,NCD,,,,,
YPMQ,2022-09-07 18:52,NCD,,,,,
YPMQ,2022-09-07 19:00,NCD,,,,,
YPMQ,2022-09-08 05:30,NCD,,,,,
YPMQ,2022-09-09 11:56,SCT,,,9800.00,,
YPMQ,2022-09-09 12:00,SCT,,,9800.00,,
YPMQ,2022-09-09 13:00,,,,,,
YPMQ,2022-09-09 14:56,BKN,,,100.00,,
YPMQ,2022-09-09 15:00,SCT,,,100.00,,
YPMQ,2022-09-09 16:00,SCT,,,100.00,,
YPMQ,2022-09-09 17:00,SCT,,,100.00,,
YPMQ,2022-09-09 18:00,SCT,BKN,,100.00,11000.00,
YPMQ,2022-09-11 14:00,NCD,,,,,
YPMQ,2022-09-13 06:11,NCD,,,,,
YPMQ,2022-09-15 16:56,SCT,BKN,OVC,1300.00,7400.00,8600.00
YPMQ,2022-09-15 17:00,SCT,BKN,OVC,1100.00,6900.00,8400.00
YPMQ,2022-09-15 18:00,OVC,,,500.00,,
YPMQ,2022-09-19 14:00,NCD,,,,,
YPMQ,2022-09-19 15:58,SCT,BKN,,2800.00,3600.00,
YPMQ,2022-09-19 16:00,SCT,BKN,,2800.00,3600.00,
YPMQ,2022-09-19 19:00,SCT,,,4000.00,,
YPMQ,2022-09-21 09:00,SCT,BKN,OVC,2500.00,3300.00,4600.00
YPMQ,2022-09-21 10:57,SCT,SCT,BKN,1600.00,2900.00,3300.00
YPMQ,2022-09-21 12:00,SCT,BKN,BKN,2100.00,3500.00,4900.00
YPMQ,2022-09-21 14:58,SCT,BKN,BKN,2300.00,3000.00,3800.00
YPMQ,2022-09-21 15:00,SCT,BKN,BKN,2300.00,3000.00,4000.00
YPMQ,2022-09-21 16:00,SCT,BKN,OVC,1500.00,2400.00,3200.00
YPMQ,2022-09-21 17:00,BKN,OVC,,2400.00,2900.00,
YPMQ,2022-09-21 19:00,SCT,BKN,BKN,1300.00,2000.00,2500.00
YPMQ,2022-09-21 20:34,SCT,BKN,OVC,2400.00,2800.00,5800.00
YPMQ,2022-09-21 21:56,SCT,SCT,BKN,1400.00,2300.00,4000.00
YPMQ,2022-09-21 22:00,SCT,BKN,BKN,1200.00,2300.00,5100.00
YPMQ,2022-09-21 23:00,SCT,SCT,BKN,2000.00,3200.00,4300.00
YPMQ,2022-09-22 00:00,SCT,BKN,BKN,1500.00,2700.00,4300.00
YPMQ,2022-09-22 01:00,SCT,SCT,BKN,1100.00,2600.00,4200.00
YPMQ,2022-09-22 03:30,SCT,BKN,BKN,1800.00,2900.00,3800.00
YPMQ,2022-09-22 04:00,SCT,BKN,BKN,1800.00,2400.00,3400.00
YPMQ,2022-09-22 05:00,SCT,SCT,SCT,1200.00,4000.00,5300.00
YPMQ,2022-09-22 06:00,SCT,SCT,BKN,2400.00,4000.00,7300.00
YPMQ,2022-09-22 07:00,SCT,SCT,OVC,6300.00,7800.00,9400.00
YPMQ,2022-09-22 08:59,SCT,SCT,BKN,1100.00,2700.00,7900.00
YPMQ,2022-09-22 10:30,SCT,BKN,BKN,2700.00,3300.00,4600.00
YPMQ,2022-09-22 11:00,SCT,BKN,OVC,1100.00,2300.00,3700.00
YPMQ,2022-09-22 12:53,BKN,OVC,OVC,1500.00,2000.00,4600.00
YPMQ,2022-09-22 13:00,BKN,OVC,,1700.00,2100.00,
YPMQ,2022-09-22 15:59,SCT,BKN,BKN,900.00,1500.00,2300.00
YPMQ,2022-09-22 16:00,SCT,BKN,BKN,900.00,1500.00,2300.00
YPMQ,2022-09-22 17:00,SCT,SCT,BKN,600.00,1800.00,3400.00
YPMQ,2022-09-22 18:00,OVC,OVC,,500.00,900.00,
YPMQ,2022-09-22 19:00,SCT,BKN,BKN,600.00,1100.00,1800.00
YPMQ,2022-09-22 20:00,SCT,BKN,BKN,600.00,1000.00,1400.00
YPMQ,2022-09-22 21:00,BKN,BKN,BKN,600.00,1300.00,2100.00
YPMQ,2022-09-22 22:00,BKN,BKN,OVC,800.00,1000.00,1900.00
YPMQ,2022-09-23 00:32,BKN,BKN,OVC,1300.00,5200.00,6400.00
YPMQ,2022-09-23 09:57,BKN,BKN,OVC,1500.00,1900.00,3600.00
YPMQ,2022-09-23 10:00,SCT,BKN,BKN,1200.00,1500.00,3400.00
YPMQ,2022-09-23 11:59,SCT,BKN,BKN,800.00,1500.00,2300.00
YPMQ,2022-09-23 12:00,SCT,BKN,BKN,800.00,1500.00,2300.00
YPMQ,2022-09-23 13:00,SCT,BKN,OVC,1700.00,2300.00,3400.00
YPMQ,2022-09-23 14:00,SCT,BKN,OVC,1200.00,1700.00,3100.00
YPMQ,2022-09-23 15:00,BKN,BKN,OVC,1400.00,2200.00,3200.00
YPMQ,2022-09-23 16:00,BKN,OVC,,1300.00,8400.00,
YPMQ,2022-09-23 17:00,SCT,BKN,BKN,100.00,9200.00,12000.00
YPMQ,2022-09-23 18:00,SCT,OVC,,100.00,8000.00,
YPMQ,2022-09-23 19:53,BKN,OVC,,500.00,7400.00,
YPMQ,2022-09-23 20:00,BKN,OVC,,500.00,7400.00,
YPMQ,2022-09-23 21:00,OVC,,,200.00,,
YPMQ,2022-09-23 22:00,BKN,BKN,,500.00,10500.00,
YPMQ,2022-09-24 03:34,SCT,SCT,OVC,1700.00,3300.00,9700.00
YPMQ,2022-09-24 04:00,SCT,BKN,BKN,2200.00,3500.00,5200.00
YPMQ,2022-09-25 11:57,SCT,BKN,,2800.00,4200.00,
YPMQ,2022-09-25 12:00,SCT,BKN,,2800.00,4200.00,
YPMQ,2022-09-25 15:51,NCD,,,,,
YPMQ,2022-09-25 16:00,NCD,,,,,
YPMQ,2022-09-26 13:00,NCD,,,,,
YPMQ,2022-09-26 14:00,BKN,,,2300.00,,
YPMQ,2022-09-26 15:30,,,,,,
YPMQ,2022-09-26 16:52,NCD,,,,,
YPMQ,2022-09-27 12:00,BKN,,,8800.00,,
YPMQ,2022-09-27 13:00,OVC,,,200.00,,
YPMQ,2022-09-27 14:00,BKN,OVC,,100.00,12000.00,
YPMQ,2022-09-27 15:00,OVC,,,100.00,,
YPMQ,2022-09-27 16:00,OVC,,,100.00,,
YPMQ,2022-09-27 17:00,OVC,,,100.00,,
YPMQ,2022-09-27 18:00,OVC,,,100.00,,
YPMQ,2022-09-27 19:00,OVC,,,100.00,,
YPMQ,2022-09-27 20:00,OVC,,,100.00,,
YPMQ,2022-09-27 21:00,OVC,,,100.00,,
YPMQ,2022-09-27 22:00,OVC,,,100.00,,
YPMQ,2022-09-28 02:58,SCT,BKN,BKN,5700.00,7000.00,9500.00
YPMQ,2022-09-28 03:00,SCT,BKN,OVC,5700.00,7000.00,10000.00
YPMQ,2022-09-29 07:58,SCT,BKN,BKN,3500.00,4400.00,7100.00
YPMQ,2022-09-29 19:53,SCT,BKN,BKN,1600.00,2100.00,2700.00
YPMQ,2022-09-29 20:31,SCT,BKN,BKN,1800.00,2300.00,2800.00
YPMQ,2022-09-29 21:00,BKN,BKN,OVC,2300.00,2800.00,3600.00
YPMQ,2022-09-29 23:00,SCT,BKN,BKN,1500.00,2500.00,3400.00
YPMQ,2022-09-30 00:35,BKN,BKN,BKN,2200.00,2700.00,3100.00
YPMQ,2022-09-30 01:00,BKN,BKN,,2400.00,3000.00,
YPMQ,2022-09-30 02:51,SCT,BKN,BKN,1500.00,2000.00,3200.00
YPMQ,2022-09-30 03:34,SCT,BKN,OVC,1200.00,2000.00,3200.00
YPMQ,2022-09-30 04:00,SCT,BKN,BKN,1100.00,2000.00,2700.00
YPMQ,2022-09-30 05:34,BKN,BKN,OVC,1400.00,1900.00,3900.00
YPMQ,2022-09-30 06:00,OVC,,,1400.00,,
YPMQ,2022-09-30 07:00,SCT,BKN,OVC,1400.00,3200.00,4400.00
YPMQ,2022-09-30 08:58,SCT,BKN,OVC,1400.00,2100.00,3700.00
YPMQ,2022-09-30 09:00,SCT,BKN,OVC,1400.00,2100.00,3700.00
YPMQ,2022-09-30 10:59,SCT,BKN,BKN,2200.00,3100.00,4200.00
YPMQ,2022-09-30 15:29,SCT,SCT,BKN,1900.00,3100.00,4300.00
YPMQ,2022-09-30 18:00,SCT,BKN,OVC,1800.00,3400.00,4000.00
YPMQ,2022-09-30 19:00,SCT,SCT,BKN,900.00,2600.00,3200.00
YPMQ,2022-09-30 20:19,SCT,BKN,OVC,2300.00,3000.00,3400.00
YPMQ,2022-10-01 01:20,SCT,SCT,BKN,1700.00,2700.00,3300.00
YPMQ,2022-10-01 07:30,BKN,BKN,BKN,3500.00,5000.00,6200.00
YPMQ,2022-10-01 12:00,SCT,BKN,OVC,3300.00,4200.00,4700.00
YPMQ,2022-10-05 12:32,SCT,SCT,BKN,400.00,2400.00,3300.00
YPMQ,2022-10-05 13:00,BKN,BKN,OVC,2600.00,3800.00,5500.00
YPMQ,2022-10-05 14:57,SCT,BKN,BKN,3000.00,4100.00,5400.00
YPMQ,2022-10-05 15:00,SCT,BKN,BKN,3000.00,4100.00,5400.00
YPMQ,2022-10-05 17:27,SCT,SCT,BKN,400.00,2400.00,5600.00
YPMQ,2022-10-07 04:57,NCD,,,,,
YPMQ,2022-10-08 11:30,BKN,OVC,,9400.00,11000.00,
YPMQ,2022-10-08 13:00,BKN,BKN,OVC,1200.00,6900.00,7900.00
YPMQ,2022-10-08 14:00,OVC,,,1000.00,,
YPMQ,2022-10-08 16:00,SCT,SCT,OVC,600.00,2200.00,10500.00
YPMQ,2022-10-08 17:00,OVC,,,600.00,,
YPMQ,2022-10-08 18:00,OVC,,,1000.00,,
YPMQ,2022-10-08 19:00,BKN,BKN,OVC,800.00,4700.00,5600.00
YPMQ,2022-10-08 20:52,SCT,BKN,OVC,3700.00,4300.00,6100.00
YPMQ,2022-10-08 22:26,SCT,,,2300.00,,
YPMQ,2022-10-09 02:12,SCT,,,2900.00,,
YPMQ,2022-10-11 12:34,SCT,SCT,OVC,2900.00,4000.00,5800.00
YPMQ,2022-10-11 16:30,SCT,BKN,OVC,1800.00,2300.00,2800.00
YPMQ,2022-10-11 17:30,SCT,BKN,OVC,2100.00,3300.00,4100.00
YPMQ,2022-10-11 19:00,BKN,BKN,OVC,1500.00,1800.00,4800.00
YPMQ,2022-10-11 20:00,SCT,SCT,BKN,300.00,1700.00,2500.00
YPMQ,2022-10-14 00:00,SCT,OVC,,5500.00,11000.00,
YPMQ,2022-10-15 17:31,NCD,,,,,
YPMQ,2022-10-16 22:30,BKN,BKN,OVC,1400.00,2100.00,5900.00
YPMQ,2022-10-16 23:00,SCT,BKN,BKN,1400.00,7600.00,8500.00
YPMQ,2022-10-19 15:00,SCT,BKN,BKN,1100.00,9100.00,11500.00
YPMQ,2022-10-19 20:30,SCT,BKN,OVC,1100.00,3700.00,4600.00
YPMQ,2022-10-19 21:00,OVC,,,900.00,,
YPMQ,2022-10-19 22:00,BKN,BKN,OVC,700.00,4300.00,5200.00
YPMQ,2022-10-19 23:00,BKN,OVC,,900.00,1500.00,
YPMQ,2022-10-20 00:30,BKN,OVC,,1100.00,1800.00,
YPMQ,2022-10-20 01:00,OVC,,,1100.00,,
YPMQ,2022-10-20 02:00,SCT,BKN,OVC,1600.00,2200.00,2700.00
YPMQ,2022-10-20 03:30,SCT,BKN,OVC,1000.00,1500.00,5700.00
YPMQ,2022-10-20 04:00,BKN,BKN,BKN,1400.00,5300.00,7300.00
YPMQ,2022-10-20 05:00,BKN,OVC,OVC,6100.00,7300.00,8300.00
YPMQ,2022-10-20 06:30,BKN,OVC,OVC,1000.00,6200.00,12000.00
YPMQ,2022-10-20 07:00,OVC,,,1000.00,,
YPMQ,2022-10-25 07:00,SCT,SCT,BKN,7600.00,8900.00,11500.00
YPMQ,2022-10-25 08:56,SCT,SCT,OVC,900.00,2000.00,8200.00
YPMQ,2022-10-25 09:00,SCT,SCT,OVC,900.00,2000.00,8300.00
YPMQ,2022-10-27 04:58,SCT,SCT,SCT,3500.00,5400.00,7500.00
YPMQ,2022-10-27 07:53,SCT,BKN,,7500.00,10000.00,
YPMQ,2022-10-27 08:00,SCT,BKN,,7300.00,10000.00,
YPMQ,2022-10-27 14:30,,,,,,
YPMQ,2022-10-27 15:00,SCT,,,200.00,,
YPMQ,2022-10-29 00:00,NCD,,,,,
YPMQ,2022-10-31 17:54,SCT,BKN,BKN,5100.00,6400.00,7400.00
YPMQ,2022-10-31 18:00,BKN,BKN,BKN,5100.00,6400.00,7400.00
YPMQ,2022-11-01 09:30,SCT,SCT,,9600.00,12000.00,
YPMQ,2022-11-01 10:00,BKN,,,10000.00,,
YPMQ,2022-11-01 11:00,SCT,,,9500.00,,
YPMQ,2022-11-01 20:57,NCD,,,,,
YPMQ,2022-11-01 21:00,NCD,,,,,
YPMQ,2022-11-01 22:00,NCD,,,,,
YPMQ,2022-11-01 23:00,NCD,,,,,
YPMQ,2022-11-02 00:00,NCD,,,,,
YPMQ,2022-11-02 01:02,NCD,,,,,
YPMQ,2022-11-02 02:00,NCD,,,,,
YPMQ,2022-11-02 03:10,NCD,,,,,
YPMQ,2022-11-02 04:56,BKN,,,9400.00,,
YPMQ,2022-11-05 00:00,BKN,OVC,,1200.00,1700.00,
YPMQ,2022-11-06 15:56,NCD,,,,,
YPMQ,2022-11-06 16:00,NCD,,,,,
YPMQ,2022-11-06 17:00,SCT,,,5900.00,,
YPMQ,2022-11-06 18:30,NCD,,,,,
YPMQ,2022-11-06 19:00,NCD,,,,,
YPMQ,2022-11-07 10:30,BKN,BKN,OVC,4000.00,5000.00,5600.00
YPMQ,2022-11-07 11:00,SCT,BKN,OVC,2700.00,3800.00,4800.00
YPMQ,2022-11-07 12:00,SCT,SCT,BKN,2000.00,2800.00,3500.00
YPMQ,2022-11-07 13:35,BKN,BKN,OVC,2700.00,3100.00,5300.00
YPMQ,2022-11-07 14:00,SCT,BKN,BKN,2300.00,2900.00,3400.00
YPMQ,2022-11-08 14:30,NCD,,,,,
YPMQ,2022-11-11 16:56,OVC,,,200.00,,
YPMQ,2022-11-11 17:00,OVC,,,200.00,,
YPMQ,2022-11-11 18:00,OVC,,,100.00,,
YPMQ,2022-11-11 19:00,OVC,,,100.00,,
YPMQ,2022-11-11 20:00,OVC,,,100.00,,
YPMQ,2022-11-11 21:00,BKN,,,200.00,,
YPMQ,2022-11-12 18:30,BKN,,,1100.00,,
YPMQ,2022-11-12 19:00,OVC,,,1100.00,,
YPMQ,2022-11-12 20:00,OVC,,,1300.00,,
YPMQ,2022-11-12 21:00,OVC,,,700.00,,
YPMQ,2022-11-13 07:55,BKN,BKN,OVC,2300.00,5900.00,8700.00
YPMQ,2022-11-13 08:00,BKN,BKN,OVC,2300.00,5500.00,8900.00
YPMQ,2022-11-13 10:53,OVC,,,1500.00,,
YPMQ,2022-11-13 11:00,OVC,,,1500.00,,
YPMQ,2022-11-13 12:00,BKN,,,1500.00,,
YPMQ,2022-11-14 03:54,SCT,,,7800.00,,
YPMQ,2022-11-14 04:00,SCT,,,7800.00,,
